120
 9  6 14 36 15 31 18 35 44 44 32 17 19  5  3  1 30  4 48 45 21 46 16  8 20 37 46 42 36 19  3  8 33  6 21 14 36 37 28 41 13 29 10 40 19 48 11 14 30 17 40  2 40  2 45 37 30 28 11 33 45  0 40 30 49 35 31 28  1 22 22  6  6 12 11 27 10 13 25 30 11 27 16 21 23 26 29 14 40  1  4  6 11 40 30 35  1 21 43 36  9 33  4 26 19  1 38 28 20 30 45 11 43  4  5 49  1 37 19  0
21 41 37 26 32 39 47  3 21 37 15 45 42 14  5 46 24  5 29 32 10 36 36 40  2  6  2 48  3 15 11 25 49 10  6 23 35 40 29 48 26  8  2 29 39 27 48 20 27 14 46  5 44 10 40  8  7 49 19 26 12  7 16 35 42  9 20 10  6 29  6 31 34 15 17  4 32 50 20 44 12 30 40 33 50 49 48 20 19 26 37 24 23 16  1 44  2 42 21 19  5 47 48 43  5 23 21 31 47  0 34 30 35 14 18 47  8 43 42 46
 1  2  0 30 11  0 37 12 16 28 15  2 41 37 29  6 19 28 49 37 10 41 37 22 39  1 21 47 16 12  1  0 35 47 11 13 16 44 45 46  9 21 49 41 12 33 30 27 40 47 37 25  6 13  9  7  6 10 22 21 38 39 31  8 15 10  9 22 14 16 13 50 39 46 49 23 19 36 24 37 42 36 18  9 44  7  5 14 32 43 35 21 39 49 29  8 14 47 31 37 12 47 10 24 47  8  9 48 11 37 46 29  2 13 26 46 14 37 27 10
10 42 39 11 50 22 15 16 32 26 48  6 34 15 29 43 18 19 32 29  0 34 25 34 50 30 17 33 18 24 11 17 11 10 30  6 37  1 43 36 22  8 32 34  4 14 19 13 36 25 45 45 47 39 49 22 16  8 43 29 28 41 46 22 11 10 24  0 47  1 12 49 22 12 27 30  4 24 19 12 20 18 33 11 35 19  9 48 12  0 38 37  6 16 39 22 49 21  4  6 27 26 13  1  2 32 34 21 36 46 35 28 12 12 11  0 42 45 12 25
36 33 23 18 21 21 15 46 25 22 16 50  3 24 14 33 22 24 18 47 35 30 23 18 12 49 42 14  7 17 42  6  3  2 40 31 12 26  1 32 48 40 10  2 14 19 38 16 22 45 13 37 13  0 30 15 42  3 30 36  0 30 40 32 31 30 45 33 46 14 45 23 18 45 16 11 10 42 21 10 16  2 14 44 14 35 19 11  8 17  7 44 47 40  1 35 39  9 24 25 30 31 24 21  8 39 20 44 39 27 43 15 43 36  0 44 40  5 28  4
11  3  1  4 19  5 47  6 31 35 33 36 42  0 26 40 38 12 39 44 21 20 32 16 25  1  5 45  8 49 24 45 36 38 45 42 16 36  4  7 30 46 14  5 25  7 23  4 10 48 29 50 11 50 15 21 10 32 34  1 45 25 47 13 11 45 36 32 13 46  9 19 42 48 20 39 46 13 33  4 27  5 28 49 42 48 28 12  2 36  7  2 18 19 31  5 23 34 16  2 35  9  5 28 43 27 19 18 10  3 37 46 16 37 27 34 30  1 39  0
33 46 15 21 25 19  4 39 22 17 15 23 29 18 19  5 40 13 24 49 49 31 47 37 42  8  6 23  7 44 35 38 24 26 14  7  2 40 43 45 20 41 49 49 20 17 28 29 41 39 16 36 23 17  5 32 28 20  2 15  2 27 22 16 49  6 17 34 28  5 12 38 17 28 28 25 23  5 24 40  8 22  6 15 26 46  1 19 27 23 38 25  5 42  3 13 29 48 42 10 11 18 18 40 30  8 25 48 47  2 25 38 44 46 25  9 25 11 12 31
42 14  1 29 12 16 19 23 49 19 12 37 47 24 16  7 33  8 47 34  3  8  8 39 29  3 18  0  7 29 15  2 34 39 33 27 15  3 28 14 11 20 19 45  9  7 12 22 31 19 26  5 28 30 19 25 43 48 16 33 14 36 47 46 48 17 29  2 47 17 31  0 23 32  3 47 40 50 14 37 45  6 10 19 19 49 32 39 19 20  6 48 22 45  9 29 34  8 49 43 38 26 28 44 17 37 21 17 16 37  8 12 43 38 39 32 25 23  3 17
21 20 46 40 29 30 39 38 30 29 19 18 35 11 32  7  9  0 30  2  2 45 20  5  7 28  7 24 33 14 31 30 26 49 39 44  1  1 37  6 38 39 10 10  7 38  3 26 39 24 41 38 22 41 24 46 37 35 19 34 40 24 50 43 44 14 39 50  7 12 29  2 46 47 35 44 33  6  3 42  6 35  4  3 25 17  3 31 30 40 14 38  6 40  1 38 29 37 50 32 37 17 37 33 18 25  5 36 25 29 31 17 22  6 49 16 22 16 49 20
31 16 18 32  7 39 47  8 19 32 27  6 28 43 49 26  4 38 22 44 47  8  2 29 43 26 26 35 19 16 38 17 26 34 15 36 31 33 25 10 44 39 20 31  4 11 39  6 14 31 36 33 34 26 33 32  7 35 25 15 14 49 11 11  5 40 42 32 37  2 28 18 33 46 36  6 25 37 29  7 26 12 17  0 45 24 31 37 32 47 23 34  4 46  7  1  6 14 13 12 41  2 18 24 20 41 20  9 34  8 49 13 10  6 26  4  4 47 47 21
 6 18 27  7 43 42  7  2  4 30  0 19 32 35  4 25 45 48  3 29 48 14 44 18 17 21 43 32  0  0  4 49 12 47 18  7 39  6 45 31 16 23  1  7 14 14 27 19 14 36 34  2 25 19  8 14  0  4 50 36 25 26 38 26 46 44 43 20 37 40 21 15 30 20 31 37 11 11  9 47 32 18 27 50 42 19 12 45 22 10  5 21  2  0  8 49 36 12 18 34 47 48 29  1 36 41 14 17 30 44 18 31 44 45 48 17 41 20 17 14
26  7  4 36 40 19 47 13 48 25 35 34 12 34 46 23  3 30 34 16 14 41 20 13 49 43 44 11 43 43 12 10  9 50 48  3  9 38 24 40 28 18 17 21  9 27 26 46 22 30 38  6  5  0 40 29 22 14 14 13 46 13 25 23 26 18 14 43 43  4  7  6 48  8 19 46 19  9 31 35  3 12 40 25 37  2 10 24 19 10 11 43 38 20 28 46  7  2 29 12 10 47 43 28 20 16 21 37  7 34  3 30 16 25 36 23  7 20 21 23
15 11  8 11 23 18  7 29 40  4 26 34 46 35 47  6 38 45  1  2 16 12  2 33 16  2 16 41  3 47 29 41  5 20  5 50 39 19 38 30 36 41 39  6 41 32 44  5 49 25 32 38 27 31 27  6 15 20  1 43 49 49 31 35  8 40  3 43 19 28 11 28  9 19 18 14 41  8 28  1 43 50 40 38 44 42  3 11 36 13 13 37 11 25 19 48  7  3 46 45  3  2  7 45  9 23 49 43  1 21 45  6 33 29  3 49 17 34 43 30
39 36 20  7 17  8  4  8 14 31 31  5 28  1 29 47 16  2 42 19  7 43 35 25 33 24 12  8 46 30 32 46 13 17 27 46 27 29 26 29  6 31 40 29 39 10  3  3 48 19 42 11 44 34 12 20  9 17 32  1 42 14 36 45 48  1 31 31 16  3 29 14 15 22 43  8 39 11 14 33 17 26 40  8 49 21 29 43 11 43 41 20 37 20 13 29 34 38  2  0 49 21 34 37 42 34 19 27 42 26 19 35 43  9 49 35 13  0 33 35
15 39 10 28 48 46 23 14 21 45  5 12 41 31 25 15 30 33 31 11 35 17 17 17  5 10 25 32 49 11 33 11  1 34 22 14 17  1  0 35 47 20 33 37  4 21  0 24  5  3 17  3  4 46 23 35 43  3 49 25  5 23 41 16 38 17 47 32 45 44 45  8 32 46 39 25 21 15  9 18 33  2  6 17 10 43 17  4 44 37 42 27 13 15 10 19 40  6 38 40 12 31 33 18 40  4 17 37 22 40 17  8 16 10 18 30 30 14  2 44
27  1 29  0 21 29  3  0 10 27 45 17 16 44 22 21 12 37 24 47 29 31 37 14 17  4 32 20 50 27 23 44 26  8 38 27 39 45 49 16 41 10 12 15  1 33 44 10 46  8  0 17 43 36 32 21 35 48  3 26 36 49  6  3  0 32 18 44 48 33 17 17 33 26 29 26 30  3 33 44 24 21 21  1 41  2 39 17 40 35 11 17 26 17  4 33 27 26 48 16 39  4 33 44 17 10 43 46 41 46 24  6 18 42 46 21 36 29 48  5
17 42 31 48 31 41 33  7 29 32 34 50 40 31 12 23 14 24 32  3 32  6 26 50 49 39 40 33 31 14 22  4 21 34  7 35 13 14 35 19  5 13 34 19 10 47 18  8 31 15 17 30 27  9 42 14  4 20 36 26 22 40 27  2 30 21 12  4 13 22 12 37 11  7 27 27 16 31 13 49 20 49 33 23 34 14 13  5 25 25 18 11 49 35 24 43 30  2 28 45 27 28 49 47  3 14 43 16 41 12 45 45 34 29 27  9 34  2 25 24
22 31 47 26 13 25 41 39  5 22 44 32 17 12 12  6 31 14 14 25 27 34  9 23 17 21 49  3 29  4 38 33 23 45  3 36 37 39 14 21 14 39 40 42 19 45 33 11 26  3 42 43 14  9 46 16 12 33 15 14 21 31 24 24  8  4 16 43  7 21 35 12  4  9  5  4 20 16 20 15 42 44  1 45 41 30 26  2 49 35 16 34 14 25 49 18 44  8 37 44 31 11 41  7 30 24 33 42  3 27  1 39 20 42  5  3 32 23 10 10
38 34 47 30 20  0 31 30 27 10  9 32 48 43 45 24  0 35 10  3 43  4 42 13 33  0 36 18  1  0  9 42  3 47  9 21 24 45  7 17 26 30 19 24 21 12 29  6  1 44 43 26 50  4 21 34 45 11 48  7 48 34 23 24 22  3 26 48 14 27  8 37 15 10  1 27 37 16 46 34 12  6 49 26 36  8 30 49 29  3 48  7  9 37 32  8 22 25 28 29 25 12 14 29  5 25 39 43 31 39  8 35 47 26 15 23 20 15 26 32
17 27  5 45 50 38 19 49 49  1 29 28  7 16 13 31 12 38 21 41 38 35 46  1 10  2 12 48 24 25 11 50 43 39 42 18 39 50 11 27 22 28 39  5 43 49 34 24 35 18 28 29  6  4  7 26  4 32  1 32  4 21 20 44 24 19 36  3 30 24  0 25 35 13  5 45 31  0 44 26  1  7  7 25 19 37  9 26 48  8  1  4 23 24 25 43 36  5  5 25 42  7 16 39  5 36  4 48 27  7 27 38 26 39 31 22 11  5  7  6
33 22  7  1 47 37 24 15 30  6  4 43 46 15 27 40  9 47  4 36  4  2 12 30  7 40  7  9 26  3 32  3 14 18 24 47 46 14 27 32 25 19 12 32  7 45 40 41 31 19 41 40 23  3 16  7  8 10 41 30 18 46  3 15 28 37  9 47 11 40  3  3 15  3 17 39 36 36 48 40 24 17 36 49 24 13 47 31 40  5 30 22 42 15 20 32 36 32 11 46  2 23  3 11 38 48 48 17  3 27 48 15 46 43  8 38 41 16 13 38
 0 26 45 12  5 27 19 41 10 39 11 33  6 41 34  2  7 46 48  7  9 41 14 15 18 47 39 15 50 29 44 16 43 31  4 20 11  8 45 22  7 27 23 46 20 16 27 16 22 19 45 11 34 12  5 33 21 45 13 36 35 21 48 18 26 31 21 22 19 32 50 21 39  9 15 32 15 25 39 44 22 43 31 37  2 30 28 48 21 25 32 32 29 12  2  0 14 18 41 49 40 17 21 40 36 38 41 18 49 31  3 17 35 29 24 32 36 15  3 21
36  6 17 11  4 24  5 12 25 20  4 15 44 12 44  3 17 20 35  5 48  3 32 48 26 15 43  3  1  1 41 43 17 29 32 27 20  7 41 47 44 44 12  9  5  8 34 44 13 46 31  5 49 21 30 47  8 11 36 16 31  2 43  5 12 44 23 19 14  8 13 36 33 12 36 46 31 50 36 10 22 19  9  5 37 29 24  9 31 13  6  6 16 39 38 17  9 25  9 42 32 35  3 11 21 29 43 45  4 35 25 29  8 49 37  1 38  0  4 32
33 14 27 29 17 42 30 39  7  3 46 38  3 20  7 37 43 36 28 42 26  5 17 42  1 14 39  5 11 29 23 12 44 19 40 19  1 23 31 24 45 37 37 26 37  0 19 15  4 42 45 19 47  8  2 27 18 36 31  5 33 12 17 35 44 36 49  3 21 49 35 12 26 21 35 20 19 23 47 32 29 13 11 16  0 10  8  5 40 29 13 42  0 34 19 35 14  1 20  8 14  1 25 12 29 32 22 21  2 11 20 20 50 27  4 19 31 33 36 21
36 29 42 34 15 18  5 25 15 11 23 13  6 12 17 24 34 16 42 35 21 32 48 45  9 29 41 44  6 21 33 19 23 38 22 14 19 18 21 26  7 47 45 50  6 16 27 17 28  1 23  0 18  9 48 15 35  4 38 25  6 30 45  4 23 50 32  1  5  6 27  1 30  0  5  1 19  8  4  4  7  8 14 19 37 33 26 39  4  4 37 18  6 43 46 29 43 36 47 48 38 47 29 45 29 17 19 26 50  2 38 16 13 28 12 13  2  1 20  1
49  5  1 28 35 45 42 45 27 34 29  8 33  9 10 25 13 32 39 46 30 13 45 28  3 43 10 45  1 35 26 45 25 24 44 15 50 43  0 27 45 43  1 37 32  6 42  3  4  6 22 35 36 33 26 27 50  0 30 41 23 15 44 50 35  4 48 22 12 19 29 24 14 18 19 22  6 34 17 47 24 38 24 23 26 38 41 46 29 35 35 13 50 12 28  9 35 34 13 24 35 45 33 18 37 34 34 30 41 42 18 28 36 13 48 42 13 27 47  4
35 27 10 16 18 23 40 33 49  7 22 29 34 28  9 17 39 37  5 20 49 22 48 25 34 42  1  6 49 49  2 19 24 13  8 38 27  3 22 43 36  9 38 11 46  8 18  5 10 32 47  7 31 38 37 40 45 25 35 35 28  3  2 10 43 10  4  6 37  2 44 41 14 47 25 49  1 43 49  9 25 46  3 26 38  9 41 13 32 12 30 29  7 47  4  2 25  7 25 15 23 22  2 39 10 24 50 42 35 43 20 46 33 42  3 34 41 41 40 43
 7  6 19 24 49  1  4 45 24 20 29  2 17  8 28 11 46  7 40 36 40  1  3 45  5 39 46 27 19 14 29 39 23 33  3 49 13  4 31  6 17 38 31  8 27 18  1 32 27 42 46 12 46 45 32 15 29 10 20 21 16 17 24 33 23  7 28 42 27 18  2 19 37 14  4 46 22 33 43 47  4 25  9 26 39 18 43 49 47  4 20  7 39 28  5 16 14 40 45 33 10 13  9  4 12  5  3 19  8 46 48 49 30 33 10 22 16 27 25 45
44 47 11  0 35 17 25 47 28 41 12 19  1 10 48  4 46 23  8 40 11 45 43 34 41 27 33  0  4 46  4 14  8 38  1  3 24 12 46 14 18  0 18 13 26 38 47 32 33 10 22 11 27 13 24 23 16 42 39 37 32 20 35  8 49 40  4 15 33 34 24 46 50  9 41  6 34 12 19 34 44 29 29 48 48  2 32  6 19  0 13 26 48  2 19 25 29 11 28 17  7  0 42 30 15 34  1 34 20 40  4 16 23 41 14 19 23 30 24 37
 9 40 49 41 18 35 12 37 29 12  3 46  3  4 10 45 22 10 38 20 10 15 48 18 23 46 33 18 16 20 36 29 41 43 45 46 46 29 23 33 25 50  3 21 50 43 35 14 41 21 16 18 18 42  4  6 18 10 30 33 16 22 11 23 17  8 40 39 24 35 16 18 24 17 12 23 23 39 26  7 48 20 38  3 34  1 17  1 13 10 17 21 40 31 31 45 44 25  1 46 21 12 45 50 13 19 34 14  2 30 18  5 16 45 49 36  1 17  1 14
 4 39  0  9 29 42 17 26 32 47 25  2 38 13  3  4 25 33 16 41 21 10 26  3 47 15 45 33  5 16 36 12  8 10 49 26  6 16  9 10 27 28 40 11 25 27 17 28 31  9 30 22 44 30 33 36 20 23 35 40 50 46 39 36 26 20 32 43 45  7 50 40 30  4 40  7  3 40  9 34 25  2 40  6 34  7  8 19 12 18 12 22 47 33  4 28 38 11 27 10 23 18 35 26 45 25 41 13 28 37 10  7 36 48 39 40 33 42  5 29
42 38 35 35 20 41 39  8 38 10  7 38 24 21 20 38 12 50 38 23 12 14 16 21 25 24 28 30  6 38 44 11 28  9 18  9 24 25 21 19  6 47  8  9  3 13  1  9 37  3 40 31 18 11  5 23 40 23 43 36 30  5  1 25 33 31  8 13 10 49 20 11  5 38 24 44 32  0 16  4 11 14 29  4 30 15 35 11 13 36 15  7 48 50 17 50 26 48  6 14 49 29 42 38  1  3 26  8 14 34 42 27  8 32 43 44 29 11 10 47
 1 25 48 43 27 40 33 20 34 46 12 33 10 45  4  6  4  4 10 48 26 24 36 13  8  9  6 13 13 44 22 19 41 41 10 22  6  4 17 35 25 46 20  8 48  5 28 37 30 15 23 24  0  0 19 13 24  5  4 29 45 12 43 19  2 21 27  3 15 33 38 16 48 46 44 21 28  8  7 45 35 26  9 24 42 35 10  8 15 11 46 36 10 13 17 27 38 48  7 11 15 27 37 19  2 48 10 46 24 22 37  9 33  1 19 43 41 26 19 34
46 50  2  8 39 31 49 10 43 21 41 35 39  9 44 49 10  6 21 24 14 41 26 33 37 37 36 34 47  0 16 25 43 29 32 24  2 23  6  1 38 19 27  9 49  4 33 45 34 10 24 39 31 29  5  5 39  1 31 41 18 12 21 19 48 43 13 47 36 10  2 14  6  8 39  4 32 44 20 30 10 35  1 32 44  3 17  3 49 39 12 40 39 43 12 19 47 13 14 34 26 37 13 45 20 31 20 17 46 40 20 44 34 30 39  1 16 27 33 28
31 37  0 45 12  4 21 33 25 25 33  4 42  2 42  3 12 18 24 30 25 38 14 15 14 40 44 31  6 39 22 37 12 28  1 49 22 35 41  3 10 49 41 30 45 41  3 34 32 25 10  6 31 14 19 37  6  4  7 42 31 48 19 29  7  6  7 15 16 40 32 40  8  2 43 18  7 48 30  8  5 45 47 29 18 40 37  2  7 27 33 31  4 33 20 41 46 29  6  9 42 44  8  7 48 45 22 13 13 21 39  1 20 43 29 28  5 31 45 16
 7 16  4  3 13 33  5  6 30 26 46 43 33 11 19 27 45 41  7 12 27 30 30 10 44 49 29 40 42 29 32 49 12 42 27  3 36 26 12  9 29 11  5 44 13  0 50 37 42  4 18  9 40  5  1 24 40 40 34 47 11 44 47  6 42  8 12 46 24  1 49 22  2  4 35  8 34 34 36 49 13 49  9 30 25 17 34 49  1 36  7 23 22 28 22  1 30 12  7 19 29 15 24 49 15 23 46 11 22 22 27  1 25 29 23 35 45 36  8 49
22 22 23 48 22 20 16 27  1 12 31 31  5 11 15 49 33 12 46 43 32 37  7 48 35  1  6 35  4 19  9 47  3 30 12 16 45  3 12 37 38  4 12 41 43 42 27 37  6 16 26 41 48 39 36 34 16 19 10 21  1 24 29 28 16 32 42 38  2  2 31 25 46 50 33  3  6 14 37 30  1 16  5 34 34 25 37 24 11 18 36 19 48 46  1 35 20 13 21  0 34  4 11  6 37 48 19 10 23 13 23 30 15 10 32 31  9 16 23 31
38 47  8 30 43 19 29 12 40 45 11  1 20  9 18  7 47 47 36  8 18  7 35 18  4  3  9 29 19 42 34  6 36 26 32 37 17 22 23 48 14 17 24 33 28 33 19 37 34 34 42 34 12 18 21  1 16 29  5 14 21 42 36 27 42 20 47 27 13 23 38 44 39  3 49 18 48 36 49 50 46 16 25 27 45 15 27 43 31 29 28 46 15 35 41 22 36 18 48 10 15 30 47 10 45 47  4 27 25 33 40 32  0 17 35  1 30 29  5 34
 7 13 25 39 22 34 38 29 49 48 49 50  6 37 42  3 42 44 45 43 40 45 20 40 42 32 38 26 46 19 10 39 39 18  1 20 26  6  4  1  3  2 42 18 46 14 25 43  9 19 31 22  1 15 25 32 31 48 45  5 13  3 25 38 14 30 10 10 19 14  3 27 28 12 46  6 32  8 21 21  8 29 14 34 47 19  1  5 26 41 36 41 15 39 37 35 36 18 38 21 39 39 34 27 13 42 34 49 36 10 33 24 49  9 47 45 17  8  0 36
17 25 43 48  1 36  4 37 29 47 28 28  3 17 22 28 11 13 14  0 24 33 13 39  4 38 38 22  3 15 47  7 48  7  1 46 30 38 17  2 36  1 22 11 28 36 21 32 40  3  5 33  2 48 48 37 10 45 45  1  9  3 29 19 11 36 33 43 44 36  9 34 36  5  1 21 13 49 30  5 27 50 26  9  3 21 31  4 30 41  5 33 29  8 18  9 29 49 41 16 45 38 30 43 13 28 42 45 34 48 13 44 17 22 20 35 42 45 32 46
22 19 28 44 14 44 31  4 12  1 48 22 12 31 30 35 25 47 36  1  1 32  4 40 43 22 32  6 41 42 38 27  7  4 28 38 34 31  5 10 38 32  8 33 33 47 16 27 12  2 41  3 41 34 39  1 17 41 10 26 46  3 46 17 35 41 21  4 41 41 34 27 44 13 22 45 15  9 44 23 24 48  2  9 44  1 13  6  3 16 48 11 45  8 15 21 40 27  5 31 32 34 10 42  7 33  1 33 40 22  7  8  6 37 22 33  9 13 33 39
49 38 28 46 50 30 18 20 40 27 27 33 48 34 18 35  4 14 17 29 14 28  6 37 24 27 12 21 20 19 19 17 36 24 41  4 40 12 46 10 13 38 25 27  1 27 25 37 17  2 19 43  0 23 22 42 12 23 41 25  8 38 35 21 28 40 41 35 25  2 30  6 42  9 29  5 13 26  6 33 13 45  6  8 37 32  9 12 29  4 36 26 39 45 33 12 45  7  3 22 12 38 49 37 24 23 49 23 13 47 35 40 28 20  5  1  3 34 49 30
37 11 27 46  3 39 27 32 16 50 50 44 27 43 18  5 14 26  8 36 14 44 30 37  1 50 35 21 31 36 40 14 16 44  6 22 18 44  3 43 26 50 33  8 22 19  7 37 20  8 23 21 37 38 12 45 30 36 12 30 38 40 44  8 14 19 19 47 27 46 25  7 20 42 13 36 16 22 10 24 21  1  6 36  6 47  9 27  4 33 40 45 45 14 48 18 30 20 33 42 38  7 37  6 26  8 19 50 50 23 10 37 47 33 25 35  0  0  0 13
46 30 43 45  8  1 17 26 36 22 23 36 11 13 17 20 25  1  3 13 44 38 44 42 44  5 14 45 19 18 18 38  3 39  2 19 20 12 18  0 15 32 31 10 32 16 26 50  1 31  6 39 30  7 27 44 22 29 27 46 39 12  3 47 34  2  1 27 16 36  6 15  1 36 24 50  8 24 47 25 28 17 11 20  8 40 48 32 48 17 15 23 47 18  5 25 11 34 46  3 33 31  5 31  0 16 18 38 47 20  5 33 19  2  9 50 41  6 46  6
16 37 35 41 13 24  1  3 29  9 11  8  2 23 10 21 29 11 25 13 26  1 29  6 46 46 27 45  3  8 31 37 19 25 49 44 25 29  3 37 29 39 50 14 30 42 46 30 41 25  7 31 48 31 24 25 48  2 28  1 19 43 32 34 48 18 46 31 32 18 33 10 20  1  5 12 47 37 10 27 11 28 25 36  4 33 31 26 13 35  6 30 45 16 32 23 43 23 49 10 35 28 21 21 14 26  0 47 24 49 23 34  9  6 24 42 26  5 27  2
 5 44 45 45 11 10  3 31 50 20 25 30 50 34 23  3  8  4 25  9 40  5  5 15  2 38 17 47 33 31 25  0  3 21 45 48 48  2 29  4  8 13 41 43 28 25 34  8  6 13  6 47 24 11 34 36 14  5 33 27 11 32 43  2 30 32 30 40 35 13 46 35  9 40  9 25  5 46 37 30 39 43 47 27 24 32 50  9 49 42 21 23 37 20  1 30 39 49 32 16 35 42 28 21 40 13 41 18  7  9 34 21 11 31 27 40 30 41 50 16
 6  1 40 44 19 20 18 20 27 11  2  6 35 10 15  2 10 36 29 35 33  5 10 21  5 32 24 13 42 23  4 50 47 23 39 32 33 46  8 39 46 46 48 35 11 39  8 50  8 39 21  5 36  6 48 10  8 27 19 41 13 39 38 25 19 19 33 34 23 16  1  9 29 29 30 15 46  5 20 44 19  1 13 29  9 45  4 22 28 30 16 18 24 41 35 42 31 32 27 22 14  6 29 31 26 17  1 29 47 35 48 47 50  3 13 45  8 19  4 26
30 17 47 21 31 14 15  1 26  0 18 15 32 19  8  5 18 49 41 28 19 17 29 36  4 11 41 37 32 49  4  8 22  7 27 43  4 42 27 29 33  6 24 48  9 12 12  8 43 43 11 21 30 24 16  9 47 11  0 49 42  6 28 12 41 11  4  5 22 27 23 14 29 19 44 15 38 31 50 20 29 48 44 34 11 37 15 14 43 24 37  9 42 47 49 39 37 39 39 39  7  3 47 41 12 34 19 30  5  5 46 35  3 12 40 47 48  1 28 32
35 49 26  7  6  5  3  6 34  3 37 15 29 49 32 20  6  3 45 29 18 42 33 37 36 33 16 26 30 28 12 34 39 44 35 34  2 13 23 31 40 18 47  9  5 38 47  7 15 17 10 27  4 38 37 34 18 28  8 39 47 44 36  6 37  3 18 24 26 20  2 50  3  2 11 43  5  9 25  6  5 44  3 36  2 44 33  0 26 13 24 30 13 30 31 43  5 16 48 30 43  6 50 29 27  7 29 32  0  7 25 32 28 49 41 30 15 45  7 10
35 26  4 47 49 39 32 40 34 24 16 16  7 21  7 25 17 47 44 35 40  9 24 13 25 37 16  5 47 13 19  3 37  9 13 37 36 46  2 23  1 17 18 13 33 35  1 39 30  9  3 46 43 33 17  6 30 18 21 24 18 44 33 20 10  9 35 17 48 40 42  7 38 29 13 17 19 36 48 11 27 49 46 24 10 38 32 12 41 48 39  3 41 14 44 37 50 14 31  1 27 24 36 14 27 31 46 34  2  3 12 15 22 44 17 38 31 23 21 35
10 18 22 40 20 28 13 46 44 35 19  3 43 36 15  9 30  8  6 47 38 21 35  0 44 24  4 28 34 42 36 46  9 17 18 35 31  1 34 21 18 24 38  2 15 30 14  9 19 44 40 33  3 25  4 29  2 29 46  6 26 43 21 36 21 14 25 20 15 43  8 14 49 18 38 25 47 34 30  7 36 14 14  5 48 24 29 50 37 11 34 16 19 20 49 46 18 47 18 21 26  9 44 22 19 14 12 19 11 15 37 49 39  0 22 44  5 42 24 14
 6 42  9 47 34 41 25  4 18 49 13 30 41 25  3 46  6 38 22  3 26  5 35 50 18 35  1  1  8 50 18  5 33 43 29 19  5 24  8 41 50  2 10 31 42 22 49 25 12 36  3 30 27 44 17 13 33 35  4 30 20 16 32 42 13  8 30 48 42 23 25 21 41 20 25 31 45  4 41 11 14 33  7 42 48 30  9 25 41 12  4 28 24  9 47 43 41 13 22 24 13 26 35  7  5 48 44  6 30 45 20 43  0 38 32  5 26  3  7 38
27 36 12 21 10 14  3 48  4 15 25  7 17 30  0 47 19 36  7 45 36  6 37  8 33 27 41 39 37 20 24  9 12 10 32 38 15 25  9 48  9 43 40 43 31 11 20 28  4  9 41 20  5 16 29 26 18 42  7 38 33 45 28 15 28  6 36 39 28 38 42 20 20 49 26  9 29 12 32 28 37  9 18 44 14 49 26 33  1 36 42 15  9 15 48 42 33 12  9 28 21 48 30 41 42 41  3 10 24 21 25 15  8  2  9 32 22 11 30 14
25 22 47 19 26 25 36 24 15 45 24 24  7 16 17 18 12  6 22 24  5  5 20 27  9 27 46 38 27 14 10 29 18  7 23 15 37 42 29 23 20  8  9 29 38 33  7 42 23 49 13  6  5 33 32 17 24 35 23 31 43 47  8 19 47 46 37 32 40 37 42 26 22 24 37  7 16 27 34  4 21 37 16  9 28 11 29 35  8 32 24 35 36 24 16 41 26  4 42 43 44  3 50 47  5 43 29 22 15 49 41 13 10  9 23 40  6  1 46 39
 8 37 43 44 25 36 22 21 44 20  1 50  0 30 48 32  4 31 19 24  4  3  2 44 14 31 15 37 19  4 11 34 49 43 33 23  5 44 46 46 19 16 15 41 24  9 28  5 39  1 49  4 27 20 32 37 44 42 16 47 17 33  1 28 42 18 31  3 30 41 46 38 20  5 29 49  1 43 41 10 49  5 41  9 32 41 32 13 42 41 45  7 18 21 12 15 37 21 36 15 42  1 32 11 11 47 31 12 32 12 10  2 38 49 16 16 21 38 50  8
33 47 11 12 29 37 12 26 33 15  3 39 40 41 28 15  5 21  3 27 25 32 19  3 15  9 38  2 42 38 15 11  0 18 26 22  4 48 34  6 37 29  0 28 38 34 49 24 29  1 22 20 47 36 31 40 47 22 18 12 32 43 16 11 22 14 43  2 14 42 14 28  3  8 17  8  7  9 10 47 10 19 20 12 26 47  1 40 29 27 48 47 28 37 24 38 42 23 40 27 30 50 48 28 43 46  1 44 18 24  2  4 42 14 23 15 20 25 46 13
15  1 37 40 50 13 38 38 37 45 43  3 28 37 37  8 31 39 31 35 32 44 18 28 45 19 16 23 40 23 19 42 47 38  8 44 11  9 12 12  5 29  3 14 33 44 21 34  8 39  0  0 49 47 40 39 49 40 33 49 31 27 24 23 25 13  4 15 32 23 50 15 13 34 45  6 26 15  4 45 44 27  9 49 29  1 17 43  9 37 44  4 44 30 47 42 28 29 18 22 42  7 11 19 37  3 15  5  1 15  2 17  7 18 14 39 47 48 32 33
17 29 39  1 48 49 13 36 48 42 43 17 32 16 17 44 28 13 37 29 30 28  5 47  8 42 45 11 11 29 30 49  8 39 47 25 16  5 33 17 42 30 31 33 30 20  5 43 15  2 28 34 14 30 42 32 39 31 20 33 25 30 21 12 33 16 30 34 15 39  4 41 35 44 42 12 40 30 28  8 25 41 45  1 12 46 39 17  3 31 40 30  6 24 49 18  4 44 29 21 28 17 47  9  1 37 45 43 16 10 35 33 27 32 34 44 21 24 11 11
12  1 33  1 47 44 27 16  7 17  4 43  3 34  6 18 35 30 19  9 48 46 12 43 45 45 23  9 11 43  4 39  4  6 30 43 14 33 26 48  7 12  7 13 47 32  4 44 38 13 24  3 11 43  6 17 41 26 13 34 12 18  6 46 19  1 15 13 39 32 28 13 16 36  7  0 13 18 16 50 44 14 34  6  9  7 27  4 26  6 37  7 19 18 37 30  8 32  8 35 47  6 10 15 43  2 14 19 25  6  6 27 44 11 13  5 25 21 47 29
28 47  7 24 37  0 23  8 28 28 39 45 20 19 35 48 28  5 16  6  2  1 25 35 12  7 18 31  9 34  8 40 13 24 33  4 25 12  7 21 34 43 25 15 41 48 44 14 39  4 10 41 49 24 30 41 41  1 48 34  0 44 42 16 42 19 45 24 11 37 13  3 49 44  4 34 29 47 40 42  6 23 39 27 42 47 32 33 39 44 14  9 24  3 39 22 40  3 50  9 30 46 46  5  8 26  2 26  3  4 10 43 38 24 21 30 49 23  4  4
47 14 37  1 45 40 47 33  1  4 22  2  4 16 45 46 25  7 42 18  4  9 42 32 10 39 32 42 27 15 23  1  7 43 30  2 10 24  7 40  9 46  7 21 39 27 34 46  7 34 22 24 31 36 21 44 34 44 10 22 43 17  1  9 26 29 21 24 27 48 37 32 46 43 38 31 11 12 40 36 13 44 48  9  8 35 32 22 43 36 28 34 13 20 46 11  8  7 49 19 24 44 12 23 16 33 10  4 11 45 23 40 50 20  3 25 19 16 43  4
 1 34 34 11  6 42 16 44 28  1 43 32  6  7  6 33  3 36 31  2  2 31 24 47 36 37 27 31 40 29 16 26 41 29 24 34 42 26  1 22 16 31 26 39 15 11 43  8 11 19 24 29 39  4  9 42 14 17 27 17 25  1 41  1  3 35 18 34 27 19  9 15  7 26 38  2 20  7 31 48 45 33 43 18 30 32 40 46 24 33  5 45  8 19 20 30  3 26 34 39  4 25 15 43  4 19 38 38 38 13 43  8  9 36 47 40 47 11 45 23
36 20  4 12 31 37 46  9 43 30 45 32 28  9 30 23 28 35 28 18 45 15  9  0  1 49 46 13 22 45  7 24 21 12 29 27  7  9 16 23 15  9 37 41 49 32 10 43 31 34  8  0  5 29 31 25 28  4 21 36 28  9 44 21  1 43  8 28 20 49 15 43  2  6 36 34 24 32  9 24 37 17  1 29 37 32 31 44 14 22 44 15 45 24  1  7 27 42 41 17 40 34 24 34  6 46 48 39 33 31 10 50 30 50 43 22 13 45  8  5
45 35  6  6  4 36 26 43 50 17 42 48 36 13 27 39 49 45 17 44 24 34 28 23 38 44 30 43 33 27 37 19 32 47  3  9 45 33 44 20  5 16 27 32 23 17 44 30  8 39 10 27 23 23 22 41 11  4 26 26 20 44 32 19 10 40  6 36 15 49 19  2 29 45 40  1 41  5 29 32 13 16 36  9 42 24 29  8 36 32  8 35 22 23 19 28 18  4 34 45 26 43 42 26 39 47 12 21 44 45  0 41 17 41 45 45 33 32 46 14
39 34 15 42 48 30 21 47 45 18 14 31 39 29 35  3  2 36 46 42 39  9 23 35 29 16  5 31 19 39 12 15 46 40 15 26 13 18 43 43  0 17 36 11 40 33 13 13 29 48 19 13 10 49  9 21 44 45 43 37 37 25 47 44 50  3 14 34 41 17 50 36  9 39 10  7 27  2 32  6 21  7 47  5  9 35 46 39  1  4 30 19 46 41 44  3 23 30 11 36 47 23 23  3 26 28  6 16 42  2 39 10 20  1 42 46 20 11 30 38
 9 12 30 17  1  1 38 25  1 24  1 49 39 35 20 29 45 48 10 48 47 29 13  3 15 39 18 41 28 45 33 36 19 40 19 41 45 28  4 31  5 43 27 18  2 28 31 33 28  8 38  0 30 29 49 39 16 21 25  1 32 33 26 31 25 10 37 30 34 16 42 14 12 17  7 33 15 38 48 30 44  2 40 18  1 45 31 48 16 43 36 14  8 12 35 43 21 34  9 20  8 19 39  9 48 16  0 31 23  1  6 12  6 13 44 21 35 26 22 16
29 12 43 29 37 19 39 35 27 19 47  8 16 38 10 14 45 13 20 32 35 41 14 42  7  7 12  8 13 46 48 18 49 10 13 37 31 44 42 35 11 20 17 48 43  9 15 44 38 29 43 21 12 12 16 33  5 24 27 26  6 18 26 42  1 31 22  3 46 31 19 11 46 14 20  6  7 19  2 50 33 14 47 47  5  8 39 20 12 25 26 10 47  9 50  2 31 50 17 28 43 35 47 39 10 29 12 44 44 26 15 16 49  2 14 18 31 22 30 12
41 42 42 25  6 48 32 37 42 22 34 41 12 16 22  3 17 23 50 13 16 43 27  7 48 15 28 47 13 26  2 23 20 48 35 19  6  2 14 20 32 26 12 19 28 35  7 50 17  2 31 24 17 19 11 25 16  0 14 17 14 13 37 39 22 38 41  1 31 29 37 30 35 26  3  8  2 28 44 12  7 47 29 17 26  1 13  5  1 46 36  7  1 21 13 24 26 20 13 18 27 17 36  5 17 13 11 26 27  4 22 30 49 21 14 27  7 15  5 45
 5 19  9 12 20  3 25 24 46  2 24 40 13 44 45 11 40 21 34 39 45 30 34 48 37 27 29 44  3 15 10 14 43 47  7  1 29 44 43 12 38 13 44 43 28 21  7 47  3 13 36 34 15 20 48 47 29 50 24 11 38 25 36 15 37  8 43 28 34 48 47 46 33  2 14  4 15  8 34 27 49 35 40 45 26  5 43 45 18  5 44  2 20 41 19 23 49 28 15 12 40 37 34 15 36  6 21 43 19 24  9 36 17 46 43 23 48 31 48 15
41 44 11  3 40 39  6 23 46 35 21 38 23 21 22 45 11 28 20 36  2 21 40 19 18 45 38 25 42  4 49 20  6 21 29 26 28 47 18 24 37  1 28 37 16 17  0 18 40 42 44 10 37 47 35 30 19 42  8 36 35  9 43  5 48 19 46 18 21 49 34  7 32 16  1  2 26 24 16 36 18 39 28 41 18 17  4 19 49 43  0 45 30 22 35 44 22 37 41 10 24  2 34 26 19  1 20 48  6  7 48 24  8 34  8 41 26  2  6 41
33 44 11  8 33 34 13 26 22 34  5 21 35 34 20 26 13 43 39 29 49 11 11 34 23 17 20 22 22 22  6 19 33  2 42  5 35  5 41 15 30 19  8 47 24  4 15 36  5 21 47  9 24 18 49 15 43  2 37  9 10 42 27 42 33 31 32 14  6  1 41 17 30 15 12 24  0 34 27 48  7 27 31 17 17 22  4 38 43 26 17 28 21 46 19 16 28 19 46 17 12 20 37 16 42  4 39 23 25 17 45 49 24 38 27  8 36 30 46 44
 2 18  6 18  0 48 48 19 12 30 23 36  3 27 24 48 22 29 50  6 32 34  8  8 20  4 20  7  8 20 37 33 11 11  5 12  2  1 37 41  2 21 20  3  3  5 11 13 29  4 49 27 49  6 46 26  1 14 10 42 40 31 39  5 23 35  6  2 18 22 47 45  6  7 18 18 44 36 19 22  1  8 17 38 50 13 48  7 18  9 23 28 42  5 29  7 43 19 37 20 21 49 27 44 38  1 37  1  1 21 40 47 48 48  4  4 36 17 10 28
31 29  3 13 21  2 28 36  2 49 34  5 40 36 33 28  5 20 42  7  6 20 38 35  9 21 25 30 18 50 28  1 28 28 29 41 49 41 29 34 30 46  8 47  4 45 35 32 19 18 18 31 13 38 45  1  7 32 43 44 50 20 14 33 33  7 15 16 22 29 45  3 46 21  4 22 19 34  4 17 30 49 44 14 20 20 14 45  7  7 44 40  7 46 49 20  9 13  0 33 26 13 26 15 41 15  4 26 23 18 35 36 25  4  2 19 46 40 23 19
17 16  2 30  2 23  2  1 30 47 40 44 35 28 28 47 13 30 22 43 10  8  3 17  5 34  2 16 40 49 35  5 40 37  4 31 14 49 26 48  5  3 12 25 27 33 28 17  7 44 41 49 41  6  9 23 11 13 39  3  9 15  4 16 23 11 20 43 21 43 12 28 39 24 27 27 30 14 32 31 24 14 37 17 20 11 31  8 30 44 16 47 41 24 16 45 27 30 50 42  3 30 34 49 46 27 15 30 32 49  7  6  8  4 35  5 38 24 32 43
10 33 31 14 15 35 15 35 26 39 39 44 29 22 11  9 13 48 17 39 40 12  0 40 32  9 39 29 24 23 19 32 14 20 43  9 25 48 46 41 34 26 29 28 45 34 15 15  8 24 11  4  6 44 44 40 15 47 43 31 14 35 19  8 27 36 47  8  0 30  8  4 39 39  7 41 28 44 39 43 46 14 28 16 32  5 50 23 45 27 14 20 20 11  8 45 20 50 13 37 39 43  7 29 49  3  6 13 28 37 45 15 25 48 12 31 26 50 28 18
44 20  8 50 26 38 22 37 28 41 44 17 46 27 38 20 48 10 42  1 46 47 21 37 21  6 10 10 13 32 43  7 34 19 32  7 13 19 20  9 19 33 13 35  6 45 28 24 45 10 30 18 41 36 42 32 29 10 49 28 17 38 43 38 39 26 10  9 50 11 15 45 45 49 46 34 37 13 29 33 47 30 34 23  5  4  8 39 47 42 18  3 41 22 30 44  3 14 35 27  8 22 12 22  3 18 37 20 24 47 38 18 13 10 29 43 41 13 11 20
13 15 12  8 24  9 49 15 13 16 42 49 46  7 10 24 36 41 35  6 32 40 15  3 12  5 28  0 15 18 40 40 16 47 16 48  4 45 42 15 48 20 33 38 23 21 31 15 12 25 10 30 33 49 50 37  9 21 13  0  2 16 39 40 22 49 32 41  6 38 29 36 24 10 15 38 43 35 46 44  4 34 31 15 16  3 19  3 31  9 17 13 10 31 31 35 31 22 35 14 22 42 14  8 39 19 33 40  2 41 38 39 23 49 42  2 14  1 14 10
31 31 29 10 13 30 45 16 37 33 25 35  3 42 17 34 30  1 34 27 34 40 28  7 46 22  9 17 27 28  1 25  1 31 35  3 22  8 16 41 25 38 29 40  9 44 26 10 45  4 28 30 38 49 39  7 37  3 31 27 19 34 27 30  7 25 48 17 29 25 26 21 39 23  8 33 24 25 23 16 20 43  5 44 27 32 25 37 16 16 10 35 14 25 12 26 38 40 25 11 34  8  4 22 35 20 47 14  2 49 10 11 15 33 15 16 35 12 46 44
25 25  9 13  5 33 39  1 10 31 35 41 21 15 38 11 24 23 22 27 27 33 12 11  3 10 45 14  4 28 22 46 25 16 17  4 41 26 18 44 24  6  7  8 38 16  0 24 25 13 31 46 20  2 50 34 28 42  2 13 23 41  4  9 42  5 43 36 17 21 17 19 22  4 33 11 10  1 45 21 11 30 42 25 20 48 24 27  8 40 23  5  5  3 27 38  6 26 32 22 11 24 27 47  2 26 31 25 15 21 19  5 15 29 43 15  7 44 16  8
40 35 23 49 36 20 39  2  1 23 16 23  8 46 42 15  9 17 10 27 24 15 26 15 33 12 26 43 30 36 33 34 47 27  6 17 41  8 43  2 26 43 19  8 33  9 31 28 24 38 21 44 31 30 11 48 49 25 47  7 22 34 29 46 23  9 31 27 38 25 18 15 48 48 46  4 25  6 40  4 36 42 39  9  7 35 37 20 23 32 16 25  7 34 27 31 36 37 16 42 31 39 46  6 34 47 26  0 34 48 15 20 23 25 32 10 42 41 17 37
 5 22 45 37 28 45 34 23  4 22 20 21 19 16 18  1 36  3 34 50 43 26 48 43  9 30 19 32  5 16 46 46 38 20 45 37 46  7 10 29 40 19 16 10 18 33 38  8 11  6 19 27 32 26 25 12 47 26 38 49 10 28 21 43 35  9 17  9 20 46  4 47 45 23 38  6  9 36  1 45 40  4 33 15 33 23 12 47  4 22 41 48 11 36 38 38  2 23 42 41 41 35 14 39 24 19 42 24  6 27 34 41 42 14 35  7  1  5 27 46
26 38 29 25 11 15 42 33 39 16  4 25 27 16 41  9 39 18 19 18 27 50 11 20 35 30 33 21 29 18 29  4  4 30  1 33 31 44 14  9 42 18 24 33  8 20 43 36 21 46 20  8 16 28  4 37  2 19 19 42 35 26  9 24 26 46 30  2  5 28 47  9 37 27 14 36  6  3 38 18 47 12  3 24  8  5  8 24 20 23 39 30 33  2 15 39 23  1 48 34  7 14 39 14  5  5 39 11 42 22 39  9 43  5 33 33 36  2 16 29
 2 47 23 31 44  6 47 18 13 19  5 43 47 36 23 23  6 49  4 17 37 34 37 20 36 12 11 30 10  2 31 12 44 50 22 43 16 17 45 45 19  6 42 25 49 39 12 48 43 41  5  3 34 27 48 21 33 31  6 34 33  4 50 24  8 31 31 38 37 31 14 47 32 10 33  7 12 18 12 14 37 48 39 14 16 16 11 24  6 34 37 46 39  3 16 30 47 32 34 44 10 37  9 25  9 11  7 48 12 17 17 49 28 24 35  8 45 26 42 39
32 40 34  2 16 27 48 12 45 18 38  4  3 34 31 14 41 26  9 16  1 35 21 46 31 17 41  2  5 29  1 33 36 45 39  4 47 30 24 46 26 47 26 48 41 37 48 28 35 17 10  4  1 35 30 11 36 49 18 39 43  4 36 34 24 14 40 45 27  3 44 22 45  6 35 28 47 39  1 43 18 23 22 21 27 13 41 21 17 24 33 27 33  5 40 36 18  8 20  9 32 30 26 48 13 14 32 50  5 41  6 22  9 38 31 13 36 35 36 27
36 44  8 37  5 20 27 11 28  8 32 24 33 41 28  5 16  4 31 26  3 21  7 43 36  0 16  0 16 49 29 50 32 26  4  2 20 26 25 39 21 32  9 31 24 43 26 32 13 48 13 20 18 37 19 14 28 33 16 35  1 25 39 22 28 37 17 20 29 42 32 15 31  7 23 34 37 25 35 30  7 46 14  2 44  6 13 22  4  3 28  6  7 38 26 49  8 17 11 34 29 45 46  4 13  4 42  1  6 39 40 10 21 35 46 28  6  5  5 20
 4 18  9  6 34 39  9  8 37 29 36 41 24 14 25 46 14 46 16  1 16 10  2 10  2 44 36 34 47  5 34 11 10 24 14  1  0 24  4  9  7 29 25 12 23 29  8 15 15 39 18 15  2 40 25 10 33 49 35 45 16 43 33 33 44  5 21 31  7 41  9 12 31 41 29 31 15 31 26 19 39 19  4 35 31  5 12 31  3  3 40  5 46  2 25 21  5 30 24 41 49 39 48  4  6  4 11 37 10 41 40 19  9  3  8 24 14 37 18 36
 9 37  1 25  7 39 47 50 19 16 11 19 13 20 44  7 26 25 29 22 11 14 30 27  8 16 27 16 36 24 14 43  3 10 36 48 41 27 45 13 25  4 44  0 27 43 12  2 42 11 20 37  6  3 25 39 12 27 50  1 36 28 45 28 49 23 28 48 25 19 42 31 28 39 30 14 11 44  7  9 13 34 45 30 48 17  9 46  4 30 40 19 29 27 30 45 23 21 30 34  7 45 40 31 28 27 27 10 21 18 14 19 38 39 44 44 40 41  7 12
35 31 41 46 28 23 10 30 44 48 42 43 15 21 24 21  9 21  4  5 25 29 27 36 39 22 42 36 17 16 40 22  2 11 33 43 19 34 24 12  8  6 12 45 32  7 40 17 10 39 43 35 39 10  7 46  8 32 31 18 27  8 14  9  4 47 23  7  2 42 13 34  8 23 16 25 48 32 25 26 46 23 44 34 34 24 48 38 43 44 27 30 38 38 31 22 29 22 30 28 10  5 36 30 40 45  4 13 43 47 20 39  7 36  5 48 24  5  6 27
39 26 13 19 25 15  7 13 28 48  1  4 24 27 10 17 50 43 29 25  4 40 17  6 11 26  6 45 25 47 42 16 37 30 28 38  3 42 25 33 43 24 29 16 36 45 48 24 42  6 41  5 22 11 34 14 16 46 44 41  0 30 31 34 36 31 45 37 48 38 31  1 49  2  6 12 41 35 40 40 42 39 16 45 43 30  4 40  4 32  4 14 23 42 24  1 37 20  0 14 36 17 18 31 10 13  1 13 18  8 19 46 45 37  2 44 26 48 19  1
 8 30 30 14  4 39  6  4 31 31 25 20 42 43 32 45 27 40 47  4 30 28  5  1  5  6 40 27 38  2  2 50 19 22 35  0 28 48 32 28 17 31 38 34 37 28 28 35 36 10 36 41 28  9  8 43 45 28 30 32 12 37 49 23 13 46 24 26  2 31 42  6 47 30 19 20 36 19 12 11 16  3 26 48 37  7  2  9 32  9 16 36 42  2 30 25  1 13  9 18 43 20 28 48 30 26  8 16 19  6 48 43  2 10 12  7 22 41  3 22
45 13 44 10 38 41 14 31 36 20 44 22 23  9 41 16 47 40  1  4 10 17 17 49 18 16  1 47 43  1 23 27 17 50  9 40 39 34 26  6  6 46 31 17 38 19 49 46 19 16  5 21 26 42 13  4 33 40 35 21 39 40 36 11 40 48 33 47 10 46 33 36 28 42 44  0 32 47  4 37 31 28 49 41 13 28 13 39 30 45 40 10 46 33  3 30 32 47 18 28 24  7 24 49 29 33 10 28  7 34 19  0  9 46 14 37 34 22 47 50
45  1 26 40  2  2 32 22  1  5 41 40  3 20 20 23 17 33 31 45 43 31 38 46 25  3  9  1 20 35 31 35  8  8 22 38 18 24 13  6 27 43  3 48 46  1  7 40 29 22 49 15 37 14 42  4 17 18 12 33 26 21  7  1 29  1 12 32 41 19 49  1 19 46 43  6 17 14 11  8 48 22  4  5 16 35 37  4 43 29 33 16 28 17  4 24 12 43 31 41 38 10  7 29 49  1 49 36 31 30 46 26 34 48 50 21 13 49  9 44
44  3 11 47  8 15  3 43 41 42 24  4 28  4 42 19 36 23 35 25 31 28 25 41 48 17 15 23 18 24 26 41  4 24 50 36 33 23 30 14 10  3  7 45 24 37 19 12 29  7 12 24 13  3  3 36 29 45 47  2 16 41 38 36 34 14 11 35 17  4  6 48  3 27 45  9 13 17 39 10 46 22 32 32 14 45 40 19 22  7 32 25  9  3 31 22 36 30 11 37 40 50 35 18 37 44  2 31 32 20 31  6 10 22 44 47 34 33 38  4
 4  8  6  5  8 35 38 11 38 14 41 23 15  1  6 45 15 13 23 24  0 13  5 12 22  9 14  5 24 43 32 41 31 40 21  5 16 24 49 20 21 13  6 38 17 34 14 22 23  5 35 45  7 42  8 30  0 21 49 34 37  8 22 12 48 15 37 47 35 37 41 41 16  4 49 48 49 23  1  8 39 31 23 16 30 22 49 18  7 15  5  4 40 43 39 37 23  2 32  0 17 11 18 16  2 30 13 29 40 14  7  4 32 18  7 24  1 44 30 42
16 41 23 27 18 23 10 12 14 19 49 24  1 49 39 25  7 11 48 42 10  8 34 29 41 13 37 29 41  6 30 34 30 46  4 30 13 13  1 43 42 26 38 16 19 33 11 12  9 44 19  4 28 32 46  1 19 22 39 48 21 28 22 35 19 20 27 37  8 29 40 45 10  3 14 28 40 20 16 42 45 14 46 16 35 33 12 21 20 31 28  5 49 46  2 12 25 21 22 37 19 14 12 16 22 42 35  9 13 44 24 24 24 20 10 15 19  4 11 45
43 39 19 41 37  4 45 28  7 16 49 34 36 12  1 28 24 48 42  1 19  3 10  9 20 12  8 18 23 47 39 44 49 49  9 23 12  0 45 18 49 40 33  7  3 16  5 20 21 40 50  2 19 37 35 14 41 30 48 34 49 46 26 25 12  4 27  4 46 40 33 10 19 20 44 50 29 49 29 16 36  3 25 19 41 16 41 23 23 14 34 35 42  2  5 13 20  6  1 25 12 44 43  9 36  2 34 19  6 47 44 48  5  0  3 47 11  9 43 42
 9 11 28 25 33 49 30 38 24 45 37 35 48 34 35 26 11 42 25  5 10 27 14 22  5 49  8 15 40 22 15 31  2 45 40  4 23  4 28 46 32 50 35 20 24 19 26 18  5  7 11 39 10 37 15 47 23 22  9  0 31 39 10 34 16 11 22 45 12 21 47  2 50 43  9  8  9 39 43  5 30 26  6 39 22 32 44 20 40 23 32 22 26 48  1 30 19 13 36 26 43 11 25 20 27 20 13  9  8 24  6 14  6 49 37  5 26  7 47  4
32 25  8 35 44  8 17 45  6 16 24  3 22 48 20 11 17 17 28 48 18 36 19 49 11 32 11 48 48 36 14 29 24 43 43 13 12 18 10  8 42 35 33 13 35 41  0  6 42  2 45 24 49 40  5  2 13 45  3  7  7 30 24  1 46 19 49 13 40 11 20 19 33 17 46  2 49 31 42  8 13 22 35 21 33 37  4  2 39 19 42 49 23 46 39 49 20 18 22 34 46  1 49 49 22 38 31 41  4 23  6 12  9 34 48 32 14 39 48 19
27 43 10 19 49  0 10 32 50  2 41 33 19 49 16 42 22  4 48 36 35  8 29 49 23  2 12 40 33  4 12 32 48 20 38  7 32 10 27 17 27 30 11 10 35 48 11 14  3 21 37 41 49  5 11  7 50 23 27  6 46 31  3 41  4 24 48 15 49 34 40 38 22 11 24 43 40  4  1 30 29 33 33 20  9  4 27 34 10 39 45 43 14 37 26 21 42  8 43 39  0 24 31 43 11 19 27 39  9 10  5 35  3 17 18 36 23 18 23 15
42  8  7 44 34 30 48 39 49 45 18 49 30 36 46 35 47 26 27 13 19 28  4 35 28 18 36 45 38 30  4 48 41  1 25 43 10 20 41 14 37  9 14  2 13 17 46  6 35 39 41  6 19 36 26 25 39 26 34 28 30 49  0 18 34 47 13 15 46 31  2 34 33  4 24 48  1 32 11  7 16  6  2 37 45 39 47 45 13 33 37 30 40 15  5 20 20 11 43  1 47  2 23 19 27 43 34 39 40 29 10 43 30 49  5 30 11 22 20 19
 6 23 24 45 44 26 22 41  4 44  4 23 33 21 30 23 15 49 23 44 45  1  8 30 34  8 40 28  8  6 42 18  5 30 48 22 50 47 10 39 49 35 37 27 10 26 31 36 33 12 16 37 45 35 26  9 31 22 38  6 28  2 16 47 39  5 46 26 41 16 21 47 37 45  9 36 10 33  4 17 22  6 14 32 13 48 40 10 24  6 17 13 39 23 27 27  6 50  3 36 16 13  2 19 36 37 15 49 35 28 19 26 19 43 10 24 30 27 16 15
 9 29 29  0 49  1 16 28 22 30  8 23  6  7 31 41 12 36 45 20 31 38 44  2 43  4 43 25 27 46 42 30  4 17 16 49 38  9 17 41 19 45 38 29 18  6 19  1 37 26 42 26  6 40 22 35 22 47 45 18 43  1 35 18 33 10  5 30 15 27 39 47  2 20 43 42 37 29 35  6 46 43 11 20 47 40 42  6 40 24 26 22 16 37 13 28 47 44  9  2 26 26 16 39 32 37 22 29  1 10 39 38 46 27 12 11  5 22  8 32
 3 13 10 43 18  4 41 23 42 32 44 25  9 17 30 45 35  4  6  0 40 38  1  5 15 32 49 23  2 41 26 24  7 29 21 30 39 24 15  2 19 40 32 33 49 45 32 13 45 47 15  3 27 26 11 15 43 10  4 26 46 31  1 16 10 44 23 21 21  7  0 26 43 44  9 37 26  4 20 15  9 34 33 24  6 48 14  6 44 28  3 29  7 27 30 46 25 45 30 35 36 38  9 11 26 41 12 48 19 29 25 13  7 18 45 30 47 42 42 37
30 23  8 41 49 31 33 50 10 33 16 30 23  0 28 14  9 34 42 49 42 18  9 13 12 16 21 13 38 34  2 14 18 24 18 40 38 31  6 16  1 34 28 40 30 13  3 48 27 14 36  7 13 39 39  6 36 31 31 32 17 44 45 22  9 36 17 23  7 22 44 24 44 22 36 23 29 41 39 49 23 32 47  7 41 29 37 40 27 11 24 25 26  1 39 34  6 31  4  2  3 47 22 33 45  6 26 29 48  6 18 27 23 47 29 11 28 15 36 22
18 36 37  0 50 37 17 27 48  9 15  9 30  2 25 13 11 43 31 22 49 24  3 27 48 38 38 20 19 17 47  6 29 34 46 16 16  2 44 44 13 38 24 11 26  6 43 21 28 31  6 11 30 34 14 44 44 44 15 15 48 11  9 21 17 31 32 20 26  8 19 19  7 27 26 47  3 26 24 24  5 20  9 24  0 13 37 10  6 35 33  4 27 38 27 31 17 14 50 12 29 41 27 11 49 23 26  8  5 23 17  5  7  7 30 31 21 32 48  8
 6  3 27 18 35 45 30 27 14 32 12 44 13 34 42 38 41 24 43 20 23 12 34 15  3 38 28 48 29 18 24 33 25 45 38 24 14 13 21 18 32  1 42 39 15 39  5  2 19 41 48 36 24 13 16 31 32  5 34  4 30 40  7 11 27 46  3  6 12 44 23 34  3 41 41 20 46  8 29  4  2 16 49 12 45 22 39 32 15 13 37  5 46 28 29 39 17 23 35 25 28 26  3 40 14 21 18 13  2 15 10 21 35  9  6 41  6  7 18 12
 7  7 13 47  4 18 12  0 19  7  1 10 39 29 41  5 31 17  1 49 18 20  8 47 37  4 46 21 27 28 25 44 28 12 23 45  2 38  7 18 36 21 34 33 39 34  1 39 49  4 35 23  3 23 31 24 26  4 38 31  5 13 41 15 49 13 29  2 21 30 15 34 39 26 19 23 11 48 21 31 38 11 42 18 27 12 24 40 13 10 39 50  5 30 43 19 20 39  9 17  3 37 50  0  7 24 37 38 25 18 24 38 32 18 38  7 13 15 34 18
 3 47 38  4 41 12  4 13 24 35 13 27 23 48 16 20 28 19 17 20  6 45 33  7 45 35 13 41  4  8  1 18 28 26 31 36 22 20 36 21 49 23  5 43 17 38 31 20 27  4  5  1 45  4 37 12 43 46 34 29 49 17 47 16 34 45 44 21 47 19 38 22 33 16 44 46 21 42 41 43 37 48 26  1  5 29 24 40 37 19  7 11 26 22 15  5 38 27 36 19 28  2 31 24  5 37  2 15  6 41 32 13 36 44 29 34 29 27 29 21
28 46 29 13 33 20 22 42 32 28 45  8 15  4 47  8 49 24 11 38 15 20 50 32 32 21 22 46 14 46  8 47 44  6 24 30  1 48 36 15  3 10 36 41  4 16  5 10  8 34 39 19 44 40 39 46 40 39 23 16 27 37 32  2  1 15 17  7 46 41 19 45 23 49 44 11 25 44 11 14 32 13 32 23  1  6  9 38 29 32 47 35 17  2 21 34  9 49 10 46 42 27  5  9 44 10 24 50 14 26 45 29 41  8  6 16 28  3 44 23
32 17 36 18  5 37 38  2  2 29 25 28 38 48 41 39 45 10 23 18 40 10 26 15 29  5 17 29 43 10  1  1 24  3  0 31 15  7 34 21 20 13  3 15 39  3  8 20  9 28  6 12 38 12  3 10 30  7 35  2 36  0 15 41 47 14 33 43 40  4 17 50  8 28 48 23 38  9 45 35 41 49  8 26  7 19 36 37 16 37 17 43 41 13 46 39  4 18 29 34 24 30 28 26 41 37 22 16 48 21 12 23 15  3 15 10 32 43 48  4
29 23 35 30  9  6 35 19 17 33 43 48 22 26 48 43 10 15 35 50  2 49 27 26 17  5  7 14 32 41  4  2 36 15 25 15 32 30 26 11 41 43  3 41 26 28 28 28 26  0  3 25 36 30 19  1 31  7 18 36 31 48 49 46 45 14 17 10  7 39 15 43 21 30 13 40  3 48 10 10 37  2 18 28  3 40 28 41  5 48 49 20  9 14 31 14 25 46  9 36  2 24  1 14 35 44 32 19 33 48  9 36 16 20 28 39 25 32 27 32
17 47 50 26 41 24 36 20  3 31 15 39 26 38 32 15  3  7  3 12 27  7  8 17 50 39 32 25 16 16 39 27 41 28 49 34  7 13 28 40 39 11 23 47  3 29 41  9 14 21 12 23 39 17 49 18 30 23  4 19 44 44 24 29 45 45 42 16 12 10  2 15 21  1 10 12 35 21 17 38 49 33 19 31 12  4 34 44 22  4 24 49 42 29 32  1 45  1 38 34 27  8 24 15  5 29 46 33 27 19  8  1 34 35 35 40 33  0 14  5
 9 13 36 44 35  5  3 39 40  4 35 19 18 11 41  7 10  3 25  6 27  6 31 33 35 30 49 44 43  5 38  4 10 40 19 38 40 28 15 14  9 44 26 18  2 33 40 48 23 22 18 19 39  5  6 34 45 23  6 31 23  4 43 41 13 43 38 17 31 35 20  1 20 31 25 33 29  3 38 33 25 38 38 36 16  5 25 14 26  8 41  1 22 37 42 35 47 35  4 20 45 46 38  4 23  2 19  3 30 23 33 40 35 17 17 47 18 26 32 43
 3 30  4 27 33 25 15 34  7 47 18 48 30 12 46 12 14 18 37 38 16 49 44  6 19  3 43 19  7 24 47 29 19 45  9 45 48 41 23  2  6 16  7 46 10 40 13 28 21 26 48 46 28 12  5 39 28 23 20 41 25 34  6  0 28 35  0 35 16 17 38 21 14 32  3 32 38 45  8 23 47  5 33 13 15 34 31 14 13  7 15 41  2 48 47 17 35 30  8  1 14  0 18 17  4  3 30 11  3 26  2 16 29 45  8 40  6 31  9 17
 5  1  7 12 27 37  9  7 25  7 25 24 30 39 10 35 11 49 37 43 37  9 19 46 47 36 21 41 50 17 26  2 38 26 15 29 31 44 50  6 26 17 49  6 20 36  4 16 25 44 44 32  0 46 23  3 13 35 49 25 23 37 44 45  6 18 16 25  1 25 14 14 37 14 27 39 45 23 43 17 21 24 45 48  7 30 25 33 17 32 26 34 36  0 43 40 22 43 46 48  2 34 39 11 31  6 19  9 13 37 14 25 17 10 40 17 39 36  5 23
34 45 29 37 19 11 24 41 31 33 16  2 20  3  3 10  7  5 18 21 25 24 33 29 23 34 43 39 36 44 41  6 48  1  7  7 21  3  8 16 13 39 24 39 41  3 28  9 38 29 40 37 32 16 21 46 22  4  7 22 49  1 18 42 42 31 31 31 47 21 40 47 12 20 20 31 38 50 38 20 43 18 30 14 35  3 42 23  4 44  5  7 23  1  6 47 11 25 30 31 15  1 46 16 27 50  3  8 45 13 11  9  1 28 17 32 17 39 41 11
35 13 11  7 38 29 21 21 40 20  4 15 18 14 27 39 19 35  6 20 19 38 27 34 13 21 49 23 43 33 19 42  6 28 36 26 10  5 23 23 32 27 26 48 21 29 33 10 27 16 49 35 19 19 11 25 30  3 24 13 49 46 33 42 31 23  8 22 26 27 46  3 33 26 25 45 43  3  9 37 27 47 39 14  9 45 38 42 49  6  5 26 46  9 20  8 11 14  3 19 36  7 11 21  8 47 11 16  8  7 34  0 46 14 45 39 25 34 31 29
36 10 20 30 12 23 38 14 20 44  2 12  2 17 30 43 48 34  5 28 23 35 40 46 50 15 50 39  6 18 14 50  2 31 41 19 47  0 12 31 14  8 23  5 25 48 50 33 28 11  8 42 29  6 35 30 12 29 40 49 39 12 24 47 18 10 49  0 37 40 41  6  2 46 35 46 22 21  0 21 27 38 49  9 33 11 30 47 19 37  2  3 16  3  9 25  6 29 21  7 14 45 16  4 18 44 46  7 46 48 48 12 30 35 43 21 27 19  4  1
18 27 48  4 42  6 29  6 46 18 15 41 26 34  2 10 21 44 10 47 22 28 35 24  6 37  4 49 44 40 11 21 11 42  7 39 43 14  4  3 28 49 25 14 17 23 16 26 39 10  3 46 30 35 12  5  2  7 20 32 47  8 31 28 42  1  6 34  7  3  1 31 43 18 12 44  1 42  2 48 12 29 33 28 43  3 19 49 32 17 48 26  4 40 38 28  7 18 40 23 41 49 35  1 48  6 31 41 11 15 33 31 11 11 46 49 39 44  3 36
34 43 15 19  1 19 18 33 35 48 41 35 12  3 43 46 34 40 21 42  7 21 36 41 25  5 40 34 35 22 39 28 31 40 18  9 37 50 20  9 35 26 20 46 25 12 15  6 34 43 32  5  8 41 39  9 49 16 16 17 25 34 35 15 26 19 24 26 19 40 18 33 39 18 25 10 26 27 10 38 38 31 23 41 30 16 30 32 38  9  8 26 18 45 30  1 41 30  3 30 26 19  7  3 15  6 49 17 48 18 18 42  3 15 45  6  6 41 48 18
