60
 7 16 45 20  6 20  1 49 46 27 24 13 18  8 25 48 47 18 13 42 29 40 29 32 34 11  7 28 47 43 13 19 37  6 37 25  8 32  1 38  3 23 10 25 40 47 40 38 18 23 32  5 18 33 17 11 35 30 39 43
 3  8 11 49 32 27 11 41 28  6 36 22  3  2  5 32 22 36  2 32 12  7 24  5 30 42 28 46 22 46 45 15  4 12 33  9 37 19 16 31 49 29 45 31 37 39 25 14 21  5 20 39 43 32 18 45 35  2 28 36
10  8 24 22 34 41 47 33 21 50 18  1 47 10 15 48 17 28 49 28 50 22 43 12 47 23 45 34 42 44 23 19 19  6  5 49  8 26 27  6  7 41 14  2 25 29 12 30 28 43 35 20 11 16 37 23 40 26  1 48
14  3 42 26 49 18 32 37 22 12 13 32 32 44 32 28 18 29 44  6 33  0  2 35 35 31 48 29 21  0 29  3 46  2 33 23 33 37 30 20 11 31 26 13 22 11 19 13 36 13 24 14 41 21 43 32 20 24 37 11
 2 31 21 31 17 46 44  4  3 33 15 21 20  4 43 14  9  3 42 28 11 40 38 11 44  8 43 29 39 32 21 49 39 32 32 15 48  7 29 27 36 12 41 47 27 27 48 30 19 38 49 43 27  1  6 35 44  4 23 17
40 43 34 40 11 48 19 11 34 48 31  5 38 10 31 14  5 41  6 29 16  0 10  3 40 40 13 44 36 23 15  9 33 47  2 18 17 49  5 22 29  5 35 24  7 19 25 49 26  9  2 35 35 30 39  9 10 46  6 28
24 37 17 27 40 13 19 39 22  9  6 31 38 40 12 22 28  3 44 42 25 20 38 28 25 33 23 36 25  7 25 19 48 24 39 33 46 31 19 18 11 47 36  2 26 15 41  2 30 38  4 38 18  1 48 16 47 49 11 33
19 50  3 32 45 48 19 12 48 21 22  8 21  2 42 34 18 31 33 21 17 20 34 46 41 37  6 33 12 47 32 19 17 42 41 44 48 37 44  6 21 15 18 39 26 43 19 16 45 23 40  6  0  5 46  5 32 24 39 10
14 35 48 10  4 17 15  1 10 12 43 28  4 25 41 31  7 25 23 13 37 24 23 43 44 18  1  2  7 13 43 38 45 34 20  4 43 26 45 48 43  8  6 45 30 43 13 21 45 39 21 36 49  6 42 31 36 46 29 11
27 32 10 47 15 43 25  4 34  2 46 35 31 48 19 38 10 21 47 18 49  7 23 11  9  1  1 47 17 46 48 39  5  9 49 28 42 17 19 18 36 12 29 27 20 21  7  7 47 20 44 41 45 35 20 40 16 37 47 16
50 25 16 28 24 15 17 17 10 15 48 15 16 14 41 36 27 31 33 21 34  7 39 23  3 48 27  1 40 23 48 26 46 36 24 41 36 23 13 44 29  7 29 20 40 39 39 17  2 22  2 38 29 23  1 26 23 43 28 34
18 30  3 28  8 42  5 16 31  4 47 38 31 11 38 45 19 43 26 24 12 40  1 24 25 19 16  8 19 48 31 26  5 29 31 49 13 27 19 28 37 39 34 41 42 11 43 18 11 12 20 49 29 31 21 21 46 16 13 12
36  4 37 16 12 48 37  9 10 13 26  6 10 14 47 19  5 45 22 24  3 29  8  1 12 37 17  9 44 28 13  8 41 42 49  9 20 43 26 10 44 25 38  2 41 23 32 37 11 21 28  3  2 42 39 49  5 31 31  6
36 16 31  4 11 35 27  9 48 44 36 44 45 49 11 29 17 16 10 20  1 46 33 33 18 32 24  3 13 15  6 22 27 13 46 10 17 32 46 42 15 34 17 30 32 38  9  3  8 34 17 34 24 32 10  5 15 38 30 44
36 28 15 17 12 17  5 23  5 46  4 48 10 39 34  4 21 18 14 37 38  0 25  8 45 45 48 38  7 26 25 30 22 42 30 40  4 15 43 26 18 17 11 36  4 25 10 49 25  8 20  9 39 15 26 39  7 11 30 38
 6 16 11 10  7 25  1  4 12 20 30  9 16 47  2 40 18  2 15 34 39  2 11 27 18 34 23 42 39  6 12 38 16 47 32 22 40 12 21 34 46 26  1 31 17 16  8 22  7 16 44  1 48  8 29 30  1 23  1  9
14 28 37 26 31 34 29 12 37 38 38 49 30 19 30 31 29 36 14 46 28 19 28 38  3 18 27 47 44 50 45 37  1 27 49 14  4  3 19 24 20 17 44 35  1  9 41 14  3 15 34 28 44 43 19  2 18 23 29 10
23 32  0 46 22  3  3 30 16 21  4 40 36 40 10 16 40 35 26 26 48 43 34 27 23 20 11 10 42 35 47  8 28 12 27 20 43  2  6 17 49 25 49 26 32 41 18 12 31 33  6 43 42 21 12 16 36 17 44 29
11 35 50 10  6 47 41 19 40  6  8 46 21 45 47 17  3 22 32 24 36 18 16 23  9 18 21 28 39 25 15 39  6 42 27 30 43 38 44 50 28 33 35 23  4 30 31 25 43  6 16 25 13 14 44 23 18  8 22 28
34 45 40 42 13  8 43 45  7 33  2 17 13 11 15  7 41 32 28  1 27  0 14 31 47 28 29 12 38  4 15 18 41 38  3 15 36 11 42  5  7 18 43 23 30 37 12 22  5 19 22 20 33 28  1 45 34 41 19 32
 7 21  2 46 45 43 16 36 49  9 18  4 26 33  4  7 47 17 23 16 38 11 31 48 49 44  8 23 23  0  3 19 16  5  2 13  4 22  7 36 23  2 13 11 16 33 33 34  3 30 22  2 22 35 39 24 23  8 19 11
12  8  7 34 11  2 35 35  8  0 38 38 44 31 36 36 31 14 28 34 25 46 25 29 14 22 18 11  7  3  5 19 34 31 18 50 11 19 15  6 38 26 38 47  8 47  6 22  2  5  5  7  7 50 12 26 25 34  6 47
43 40 28  4 42 30 11  1 23  3 31 19 44 22 25 28  0 23 11 27  9 17 30 16 45 27  1 28 31 28 16 47 32 44 28 44 47 20 28  7 21  6 21 35 44 24  4 42 30 28 39 26 37 24  5  4 45 44  0 45
34 48 23 16  7  7  3  7 35 25 40 27  9 26 15 44  7 37 14 19 21 34 31 30 12 29  3 30 39 21 41 13 50 26 29 14 46  8 26 46 35  4 22  0 28 31 49 27 31  6 32 22 44 43 48 48 49 19 25 25
 3  3 41  8 24 11 22 30 38 44 34 23 42 21  3 31  6 23 20  4  6 14 32 12 15 24 24  8 50 37 42 24 40 46 10  6 14 35 36  7 35 22 14  4  3 40 49 47 45 48  4  9  6  8 16  5 12 46 48 26
32 34 31  2 28 40  3 43 42 15 35 34  7 28 41 13 33  1 15 18 13  8 48 21 15 19 48 22 37  3 18  8  7 43 21 19 16 28 49 22 43 12 41 31 14 30 43 27  3 45 14 16  5 30 12 47 24 48  7 17
46 36  8  3 23 45 29  4 21 48 40 43 17 27 17  5 47 32 14 47 46 23 49  4 13 39 37 10  1  6  4 39  8 19 15  0  3 19 44  4 18  2 24 41 24  4 20 29 45 10 32 16  6 46 46 31 17 18 22 21
21 43 33 28 45 31 25 26 21 20  6 29 44 30 44 11 25 14 46 22  6  6 38 45 38  3  6  9 15 31  7 34 26 46  6  8 33 17 30 36 17 27 36 25 20 31 33 17 42  1 16 23 34 40 15 41 45 24 28 21
16 42  2 30 38  5 48  1 45  1 30 17  5  9 30 29 48  9 20 20 23 15 36 45  2 16 40  8 10 20  8 41 13 44 32 39  7 15  8 48 31  0 23 49 19  7 45 15 16 11 30 37 24 45 29 11 16 30 28 31
48 31 15 11 33 48 19  8 25 22 10 22 22 13  0 19  6  1 40 13 44 36 17 26 29 10 34  5 20 20 25  6  5  7 22 40 15 47  9 49  1 11 19 29  4 24 31 25 11 35 12 46  7 31 27 15  9 25 11 30
 8 21 20 36 39 35 29 12 45 11  2 37  4 30 32 20 46 21 35 24 15 33 14  7 30 40 16 21 45 26 14 36 46  0 30 46  3 14 44 28 38  3 50 34 41 47  6 48 14 29  4  7  8 36 43 19 16 37 14 34
 8 36 22 29  5 47 23 43 16 50 50 11 20 34  2 12 31  6 28 37 23  3 21  3 49 13  4 47 18 46 41  5 44 15 36 18 45 18 16 30 49 12 44 33 26 34  1  2 14 36 31 12 14 34 32 42  9  3  7 31
 9 22 50 16 47 31  0 36 14 47 34 45 40 20 16 18 48 15 38  8 47 16 10 36 27 29 28 24 24  7  2 45  4 35 29 28 21 36 42 26 26 26 48 35 34 35 32  7  2  2 36 11 10  8 40 23 17 38 37 29
42 33  9 33 25  9 22  2 42 29 42 44  8 17 49 26 45 13 25 42  1  1 15 18 42  3 44 28 25 44 31 22  1 41 24  4 16 34 38 14  9 24 44 47 14 49 32 45 43  3 44 28 31 10 46 27 47 35 28 42
28 25 40 42 50  2  1 40 38 44 42 13 10  8 37 21  7  5 48 13  3 47 21 12 23 28 49 46 33 38  9 33 11 25 30 48  5 46 22  1 19 11 46 33  8 22 20 15 49  2 46 41  1  6  3 43 36 47 42 20
21 25 47 34 45 34 41 28 21  2  9 47 17  3 20  5 45 49 26 32 27 11 11 41 38 27 31  9  1 39 37 26 36  6 40 21 21  6 46 25 12 46 31 41  1 45 26 48 10  9 11 46 48 18 18 32  2 48 48 49
48 29 36 17 18 25 48 26 11  8 44 12 32 25 11 17 30  9 37 27 49 13 11 43 48 37 11 30  3  6 12 13 11  5 44 45  0  1 47 33  8 28 40 44  6 42 19  1 41 26 26 29 24  7 17 42 45  6 15 46
47  1 42 39 40 48 18 45  6  9 18 14 38 35 16 26 13 35  4 39  9 14 45 19 13 15 31 16 40 14 11 16 40 13 29 30 33 14  9 42 38 26 15 10 24 15  6 13 38  9 20  2 29 37 11 44 25 28  4 17
17 43  8 22 36 11 29 21 42  5 22 27 12 23 20 18 38 24 38  6 13 41 27 50 25 39 33 40 29 15 21 40  7 19  6 22  1 25 48  9 10 38 47 21 40 39 30 47 43 29 50 35 35 42 37 18 33 17  1 23
21 28 20 47 44  7 45 18 15 31 38  9  7 25 42 36  3 49 35 49 34 35 34 35 13 48  2 31 19 44  6 33  4 48 24 40  1 38 26 20 42 45 42 40 12 30 16  5 15 23 15 48 18  8 29 41 17 16 40 50
24 28 16 12 48 20 29  1  7 44 48 31 36 40 23 29 27 31 48 24 32 21  0 46 19 29  5 36 37 42 33 35  4  7  4 34 44 24 15 25  5 50 30 39 26 39 11 43  2 18 30 19 47 45 37 27 20 15 29  0
24 31 25 36 21  0 26 47 15 43 30  4 36 39 15 34 11  2 17  1 45 26 13 35  9 25 20 14 36  9 50 20 17  4 31 47 38 42 19 48 22  9  2 22 32 45 34  8 12 33 49 16 14 11 20  6 33 21 36 47
16  1 24 46 35 19 26 31  1 41  5 20 21 31 27  9 39 24 39 21 15 23 27 34 48  3 46 31 26 12  2 16  7 17 29 16 48 29 23  3 23 42 31 35 24 17  5  3 40 40 39 38 36 46 37 22 14 43  8 38
14 46 30  2 40 45 35 33  6 43 20 18 23 40 23 39  4  1 44 35 15 44 46 24 50 46 44  2 30 21 10  8 47 36 15 41  8  3 10 35 35 20  8 19 12 15 10 44 26 35 31 16 14 37 46  0  6 32 37 47
41 31 24 18  1  4  3  4 47 35 49 38  7 25 15 10 29 30 41 26 18 28 37 24 17 37 16 22  6  4 40 41 22 21 15 29 32 49 10 26 24 16 14  9  7  6 28  2  1 33 43 20  4 15  3  1 42 24 41 38
24 41 22 25 21 26 13  1 35 19 37 26 42  2 23  1 36 46 35 42 27 19 31  7 44 38 39 31 25 11 23 11 48 41  4 13  1 16 44 24  5 19  1 30 31 40 37 33 47 35 22 39 46 41 11  5 11 49 43 45
 8  6 13 39 19 44 33 22 23 18  1 12 46 42  4 34 49 44 16 21 26 20  1 28 39  2 22  3  4 13 36  1 19 48 21  1 34 39  7 18 14  2 31 30  0 42 36  5 45  1 18  8 29 30 34 46 46  9 19 20
20 49 46 42 39  5 32 19  0 36 40 27 20 32  9 35 12 38 42 19 45 28 10 38 44 30 48 38 47 21 48 39 35 17 34 42 44 21 47 19 20  9 32 21 28 12  8 45  5 22 32 13 23 45  8  2  0 44 12  7
 2 49 25 42  6 41 35 41 21 29 40  3 19  2 42 41 48  1 48 44  3 10 12 42 39 23 35 48 44 35  9  9 39  7 35 10 23 31 34 25 46 43 21 40 38 29 22 34 10 20 35 50 50  4 36 20 24 22 42  7
11 15 29 34 17 24 26 48 16  3  2 20 35 50 27 27 43 32 31 23 25 49 35 15 44 48 41 30 16  7 28 50 42 14 49 16  7 31  8 46 30 43 44 28 17 27  2 48 25 13  2 37 33 28 44 28 35 48 23 35
18 27 22 11 10 14 42 11 37 47 32 10 12 42 36 22 18 19 25 26  8  4 50 23 26  2 21 47 24 13 48 47 36 44 21  9 32 38  8 30 34  4  8  2 28  9  0 47 34 40 36  1 10 43 26  2 35 11 34 25
15  6 12 14 44 29 30  9 11  9 20 19 14 14 15 46 12 20 21 39  2 40  7  6 23 13 23  2 14  3 10 47  5 36 23  7 31 37 13  2 23 22 13 27 49  0 26 22  9 16 43 26 22 26 16 26  8 25 16 15
29 43  2 32 28 36 33  4 24  0  7  8 44 24 33 15  9 23 37 41  7 40 45  6  0 12  1 23 31 40  6 47 40 44 34 10 16 42 10 41 41 34 24 28 25  1 29 39 45  6 25 34  1 43  7  6 35  1 14  7
37 24 43 35 35 45 49 23 25 17 31  3 33 30 47  4  3 34 14 16 23 19  8 48 31  2  9  2 26 35  6 30  0 36 25 17  1 49 15 43 31 18 25  4  9 14 29 20  4 11  5 21 47 33 25 36 31  5 25  3
24 21 28 33 40 49 41  3  8 31 39 20 46 23 46 20 15 47 13 25 15 41 12 22 38 39 33 28 25 50 29  5 31 28 32 31 22 46 36 34  8 27 40 42  2 12 37 31  1 48 39 11 29 25 48  4 38 19 29  1
30 26 21  6 24 24 23 20 41  7 41 26  4 30 21 15 21 42 39 21 15 17 16 48  8 47 50 17 22 30 15 29 18 33 25 24 31 48 11 36 14 30 31 40 17  9 21 37 32 16 14 23 25 35 45 31 14 32 26 27
15 39 13 44  1 42  1 10 12 11  9 46 49 19 32 37 32 17 14 23 28 43 38 20 17 14 25 47 43 42 35 45  7 46 40  2 18 10  3 32 35  2 20 29  8 24 44 39 14 21  9  4 30 31  8 44 17 26 46 45
11 31 17 31 18  7 28 33 24 42 11 36 24  7 14 33 48 49 48 38 12 12 24 43 17 38 36 25 47 48 37 41  5 25  4 25  7 19 15 28  6 31 14 43 33 33  1 10 33  2 24 29 30 18 49 28 11 15 47 20
 5  7  9 41  9 23  6 40  4 33  2 12  3 28 35 32 13  1 39 15 20  4 37 25 21 21 13 26 49  2 36 36 16 36 23 40 29 12 43 17  0  2 43  9  6 37 38 20 43 29 12 40 24  7 31 15 28 48 26 20
24 29 14  2 22  4 38 22 18 35  2  4  6 46 16  5 43 36  5  7 35  5 43 15 25 40  4 49 32 36 44 30 38 12 43 15 15 31 22 10 26 47 13  8 18  0 12 29 20 30 48 17 41 28 18 44 35 20 15 37
