120
 5  7 21  4 15  5 30 13 49  3 10 49 16  7 46  8  3 14 42  1  7  6  9 26 33 31  4 28  7  6 50 33 43 38 10 10 33 46 44  2 15 17 48  2 40 22 18 45 44 22 48 14 27 49 44 24 47 47 38 33 26  7 25  6 17  6 12 35 49 42 26  7 27 19  1 26 11 26 15 13 14 10  5 35 47  6 31 43 24 47 23 32 16 16  2 30 36 23 28  1  7  4 49 38 19 24 19 20  1 45 24 22  8 33 19 14 48 26 14  7
 3 49 38  1  9 26 46  2 41 28 10 23 43 35 11 43 41 20  1 16 26  6 18  3 37 35 26 47 26 47 27 15 43 10 41 46  3 25 26 48 41 18 46 25 45 17  8 27 29 20 44 12 34 17 42 37  5  2 48  8 24 43 27 17 30 35 27 39 36 46 38 12 39 38 25 44 38 14 42 44  4  7 31 30 40 21 28 24  1  2 45 32 43 13 24 12 10 30 30 20 17 49 16  1 13 43 15 34 50 16  1 32 22 33 50 25 37 37 31 23
37 19  1 23 40  2 47  9 21  7 22 22 14 32  2 11 29 22 23 17 29 43 25 30  3 42 15 16  8 38 42 42 38 39  2  3 50 24 19 32 42 13 46 16 16 35 15 19  4 49 40 31  0 32 23 20 47 32 11  7 37 26  9 44 47  3 17 42 15 42 42 32 29 21  6 31 12  1 23 40 40 10 28  1  9  6  9 35 14 31 42 46 21 39 45 35 44 11  1 12 50  6  1 35 29 36 26 17 33  9 29 15 16 35 45 11  6 27 47 48
24 30 25 45 32 49 25 13 20  5 20 16  8 28 22 36 39 22  2 46 49  6 43 39 27 33 43 13 42  7 50 44 13 43 50 35 33 30 36  8 21 39 23 50 31  5  3 10 34 45  2 39 39 33 30 19 43 28 41 24  1 34 10  0  5 23 39 24 24  4 50  7  5 35 48  8 31 15  6 45 17 33  1  5  6 37 22  3 44  9 12 16 19 29 34 20  7 38 11 33 24 49 41 32 29 35 18 39 17 15 43 11  3 45 48 31 37  9 26 11
33 20 39 26 39 32 47 32 20  9 43 39  1 38 43 34  6 11 40 16 10 26 25 13 12  8 48 18 24 21 36  7 25 22 44 13 47 32 36 17  5 11  4 49  9 23 22 33 14 17 13 44 47 41 28 16 11 43 10 50 20 33 13 46  4 13 21  4 46  4 35 20 11 27  9 46  8 45 24 37 11 47  4 42 43  0 16 16 15 20 25 30 13 22 15 14 46  2 20 13 10 20 21 22 19 23 35 49 28 28 33 11 11 27 25  0 31 42  7  1
33 22 34  8 28 28 44 45 47 41 33 44 40 25 20 45 47 30 37  0 19 18 11 44 16 29 10 34 46 18 11 34 11 19 47  8 12  4 31 11 32 49 41 32 42 40 42 33 35 49 48 40  0 21 28 38 43 36 12 35 22 40 17 44 11 39  4 21  9 49 22 29 31  1 42 19 11 20 48 24  9 26  7 48 12 30 23 41 29 35 46 27 41 22  6 16 18 24 36 17 31 20 42 12 23  2 47 19 49  3  3  5 33 36 23  8 41 39 13 41
33 27 26 37 10 50 24 47 49  1 33 22  6 29 45 16 11 36  2 29  5  3 22 36  7 45 36 40 19 29 27 33 33 42 17 46 43 47 11 20 45 40 28 31 31 46 45 18  5 38 29 43 11  7 12 14 21  8  6 44 24  1 21 14 30  7 24 16 16 22 26 19 43 12 39 13 10 19 38 12 24  6  7 47 28  2 29  6 42 11 27 27  8 13  7  5 39 42 48 26 12 23 39 45 44 34 26 19 37 30 41 47 14 43 20 43 42  8 38 46
37  8 38 44 37  4  1 27 48 27  8 24 36 30 29 30  4 26 26 49  1 45  2 40  1 37 34 28 15 28 36 43 22 42 32  4 15 49 41 33  9 45 18 40 45 42  8 19 26  7 45 25 44 15 30 45 11 20 37  9 33 44 17 14  8 28  9  2 21 41  4 21 44 18 33 19  9 41 41  3  9 13 16 45 14 22 18  6 33 13  6 21 28 11 14 22 11 11 17 27 17 25 49 32 31  3 47 29 31 27 24 50 36 17 32 34 13 26 28  3
16 31 26 14  7 47 27 36 14  4 49 27 26 17 40  3 38  4 40  4 10  9 17 28 29  7 20 26 47 14 29 23 23  0  2 16 33 15  2  8 16 40 17 10 27  5  9 39 40 23 37 12 27  3 38 25 35  5 37 20 25 43 45 31 38 39 28 15  1 33 44  7 43 20 25 30 15 47 32  5 12 18  6 45 38 27  2 17 18 10 17 30 29 35 27  3 21 29 31 34 34 42 49 32  5 31 42 50 45 18 23 41 23 15 21 33 20 49 19 27
19 15  3 45 27 32 24 10 47 46 24 23 31 38 19 31 41 24 34 13 41 22 29 30  6 25 26 41 18 38 13 46 35 27 36 42 39  2  8 12 15 23 22 49 45 19  2 11  0 46 25 44 10  4 13  9 41 30 35 39  9 41 27 37 29 42 45 47  7 38 15  1 12 31 33 41 13 31 33 14 39 25 49 20 44 26 50 10 44 10  1 12 44  6 44 33 22 36 28 27 12 12 26 50 14  2 27 41 42 43 31 10 18 42 10 49 22 21 36 21
19 15 27  7 43 22 27 43 24 44 39 45 15 12 43  4 17 24 13 28  4  4  5 31 18 12 41 41 40 24 39 47 22 44  3 31 41 49 25 15 27 39 37 37 13 34 31 38 40 22 37 20 13 43 42 10  9 33 14 37 13 23 19 28 24  4 43  5  1 27 42 12 13 26 48  4 11 16  1  4 39 41 12 46 33 36 14 32 37 13 15 29  5  5 46 39 14 46 42 25 35 33 42  2 37 34 46 29  5 48 11 39  2 12 35 45 38 30 22 17
23  0 32 26 26 26  7 13 26 27  3 24 14 44  4 19 32  1 29 25 41 12 22  5 21 33 24  2 17  8 47 32 44 49 17 38 47 34 49 38  2 32  3 37 30 23 48  6 43 10  3 46 36 44 31 37 31  8 24  1 32 14 48 43 50 35 30 31 10 50 17 22 28  2  5  9 28 11 43 27 28 47 26  5 49 42 41 36 47 31 45 39  2 46 42  8 43  4 11  3 12 11 19  7 35 34 42 28 20 21 30 18 41 36 49 11  9  6 21  8
 2  4  5 37 17 48  4 25 46 12 31  6 41 19  3  4 13  8 12 48 48 16 43 25 38  5  7 33 12 26 36 25 19 47 40 13 24 19 19  0 19 10  9 25 26 47 13 44  2 42 50 47 27 27  8 13 23  9  7 31 44 31 29 21  1 50 38 38 12  6 30 31 41  6 49 18 27 19 34 47 46  3 17  4  0 35 42 41  9  3  9 11 15 14 20 17 20 50 36 18 23 49 39 48 28 23 29 31 25 14  6  5 21 33 25  6 14 48 33 14
 7 24 27  9 25 47 24 27 20 39  6  8 45  5 25 28 31 22 31 39 17 24 33 13 15  5 15 16 11 44 19  6 29  6 47 16 13 42 41 42 26 32  4 20 16 13 47  7 20  2 42  9 47 24 47 34 38 13 35 21 31  3 27 42 31 38 43  2 40 31 40 48 21 34 14  8  4 37 33  0  3  3 30 23 46 36  5 12 48 26  8 19  0 37 36 24 25 43 12 43 26 10 26 10 45 38 10  2 42 34 34 37 38 50 49  6 13 22 45 21
25 26 45 28 11 37 41 39 19 45  8 28  5 46 43 13 44 25 35 49 18 22 33 13 14 45 31 31 36 23 45 42 35  6 30 40 36 26 30 13 43 22  5 44 10 10 19 46 25 44 25  6 12 31 16 47 40 48 46  6 39 44 13 42 18 24 20  1 16 34 21 32  7 37 29  4 11 35 47 35 25  0 26 11  8 48 45 46 47  9 31 49 12 22 31 11 26 21 30  9 26 49  1  4 21 47 33 19 29 22 25 18 17 32 12 26  1 25  4 16
 0 41 24 47  7  9 23 26  8 24 27  5  6 49 19 21 13 40  1 43 30 14 30 12 18 25 26 26 23 44  9 36  4 11 22 46 39 31 48 23  6 19 27  2  6  8 41 31 41  5 33 31  3 16 23 41 29 47 47  7 18 30 20 46 44  5  1 21 37  5 39 24 10  4 40 26 39 40  7 47 22  6 48 13 49  2 37 20  4 29 32 21 29 45 28  4 46 10 40 17 22 45 36  0 10 10 20 43 13 47 32 42 33 34  6 11 48 19 30 22
21 35 12 24 18 26 37 18 19 35  3  6 50  3 46 30 50  0 30 16 32 11 16 18 28 28 18  7  8 47 30 41 44  7 32 37  6  2 15  1 22 30 36 38 19 18 41  3 26 39 38 11  4 23 28 11 16 18 48 37  4  5 15 26 29  7 13 37 36  6 34  1  3 24 42 20 25 17 10 19 50 34 14 29 11 38 20 34 42 14 31  7 12 18  7 24 41 11 23  9 16 33 23 21 27 38 32 33 38  7 43 31  3 32 13 19 16 11 14 46
20 21 36 48 42 46 46 16 37  5  8 26 37 49 28 30 41 39 20  1 44  5 50 47 18 25 29 35 46 48 35 36 42 20  6  6 13 11  6 17 33 29  7 31 20 37 44 39  1 41 28 19 31 19 37 26 24 37 44 40 35  2 36 28 34 19 24 11  7 19 29 45  5 17 25 23  3  5 17 39 30  5  8 17 34 43  1 18 34  7 25  3 22 25 14 44 34 16 47  8 20 32 44 16 17 16 20  2  3 39 38 12 45 19 32 48 29 36 23 39
 7  4 26 44 10 26  6 19 47  8 27 22 29 48 44 37 29 25 49 47 42 17 43 30 14  3 41 24 33 15 47 46 39 20  4 29 30 20 48 22 20 42 46  3  1 37 31  2 11  5 12 45 13 39 27 16 16 36 14 27 19 31 45 11 49 42 50 14 17 46 26 39 15 28 10 14 21 24 32 38  0  2 37 35  7 44 44 13 44 36 41 16 11 37  6 46 27 38 41  6 25 49 35 20 43 39  3  2 27  8 32 13  1 48 43 25 18 47 22  6
 0 10 28 14 25 26 33 44 40 28 24  1 27 21  0 36 44 24  6 15 48 28 10 50 48 22 24 17 46  5  9 47  0 29 49 29 25 27 41  6  9 26 20 39 19 38 21 12  9 42 33 35 41 24 17  7  8  8  2 31 28 15 11 26 35 43 15 21 44 39  8  1 32 42 48 20  5 48 22 43  9  8 18 30  4 29 38 18 47 30 13  2 45 11 46 38 37  3 21 31 34 48  5 33  9 14 11 30 25 44 30  3 50  5  5 13 15  2 13 31
11 50 41 11 38 44 16 14  7 50 23  7 45 12 46 27 23  3 28 45  6  8 24 24 14 42 40 14 28  0 23 16 41 40 11 25 17 21 47 27 15 33 49 15 14 38  1 14  4 32 43 12 23 48  2  1 34 31  9 12  2 28 11 25  8 38  2 25 27 42 31 17 12 24 10 10 36 17 21 40 49 38 39 49 16  8 50 36 42 37 32 15 26 29 19 10 19  5 33 10  6 49  2 31 12 41 10 43 32 24  6 49 50  5 22  2 32 31 30 20
 5 45 14 37  2 20 33 28 40 27  8 25 50 26 26  3 25 47 27 25 22 41 49 19 49  0  6 12 31 48 34  7 49 14 43 49 19 41 12 46 22  2 15 34 45 28 37  0 19 16  1 34 16 21 17 16 10 19  2 47 34 37 13 24 12 35 44 36 33 31  4 16 39 18  0  3 44 36 40 43 11 29 21 43 42 31  2 20 28 36 46 13  2 24  5 19 23 44  6 21 47 48  1 29 36 13 35 12 18 12 28 13  6 40 34 43 14  2 26 28
44 40 27 31 29 25 32 30 15 25 12 26 41  4 40  6 31 39 46 42  3 14 34 35 23 21  1 25 19 11 34 14 42 50 10 22 19 47 16 40 30 32 14 45 41 35 35 16 47 29 31  9 37  9 33 14 42 26 13 12 45  7 36 18  9 44 16  1 11 36  2  6  5 14  6 17 10 12 14 26 12 18 43 11 40 25 19 40 20 36 13 32 28 33  5  3 21  8 43  6 16 31 37  2 27  7  9 34  9 48 19 44 22 10  4 49 43  9 19 11
15 33  9 50 18 47 22 46 46 46  9 11  5 28 10  7 42 24 22 12 17  8 37 41 38 34 34 23 22 31 40 30 49  5 33 26 29 43 40 13 40 32 42 16  5 36 18 19 26 27 43 48 10 17 19 22 45 10  9 47 32 34 14 28 15 15 26 34 34 21 40 21 34 30 13 42 47 32 12 12 32 12 29 15  3 29 37 30  3 24 49 44 15 41 27  5 36 14 29 10  5 19 11 26 20 19 45 14 49 40 46 46 26 20 30 46 34 25  2 45
10 25 39  6 34  2  5 31 16 44 26 13  2 41 48  3  4  4 27 24 25 38 41 21 41 50 42 28 20 11 19 15 22 40  3 48 15 36 13 21 27 43  4 38 11 29 30 27  6 36 29 34 17 49 32 17 35 20 17 20 27 30 20 48 40 25 36 15 26 14 24 17  4 39 40 27 43 25  2 10 27 38 27  9 45 15  4 19 38 15 18 14 27 26 35 20 48 12 42 46 25 40 41 48 39 36 46 38 28 15 39  0  2 43 37 19 34 20 31 17
 3 34 15 41 49  3  0  3 24 46 22 27 11 41  8 46 33  5 47  3 31 33  8 41  7 18 39 45 12 34 30 12 34 12 25 38  6 49 11 44 47 12 48 41  3 11 16 22 31 22 24 43 49 42 37 24 37 17 46 10 20 20  3  1 47 13 10 16 28 17 20  7 16 31  7 38 23 35 34 14  2 40 46  9 45 49 25 19 29 18 13 37 34  8  1 29 38 34 25 43 10 21 50  9  3 19  1 36 22  5 22 17 47 45 50 31 28 23 38 35
26 18 41 15 21 16 48 15 28 36 20 48 32 39 33 27 17 21 12 42  8 18 11 49 31 18 17 29 30 19 19 23 32 49 47 44 20 36 44 11  1  4  8 40 20 13 38 18 42 33 18 25 21  4  3 39 15 45 10 28 36 47 14 43  3 40 40 25 29 47 16 15  7 24 11  9 34 34 12 30 18 49 25 20 20 10 39 25 18 13 34 35 15 40 35 23 45  9 27 41  1  1 17 13 50 34 39  8 40 42  4 27 33 33 31  9 13 41 39 41
37 48 27 35 46 29 24  5  3 31 27 15 32 28  0 13  7 13 48 27 20 17 12 10  1  9 33 46 42 12 50 47 21 19 32 23 46 18 50 14 49 34  0 47 32 21 14 44 23  2 40 38 20 16 37 24 36  4 10 30 33 14 45 17  9  2 41 16 47  1  6 12 30 36 32  8  9 42 41 49 42  5  5 28 24 45 37  2  0 38 31  6 31 33 35 43 46 41 41  8 34 32 47 13 29 12  7 20 40 28 40 14  8  2  3 37 39 13 20 10
43 41 37 27 46 49  2 43 45  9 36 15 49 19 18 31 16 24 35 16  4 23 39 45 39 16 17 10 30 40 45 34 16  5 40 16 21 33 49 32 36 30  5 40 17 11  3 13 34 44  0 50 40 21 25 39 45  9 27 44 27 12 24  2 49 18 44  4  7  5 36 16 43 38 36 48  1 23 25  6 17 28 16 46 46 15  9 11  5  3  8 46 35 32  7 33 36 34  6 50  3 14 47  9 11  2  5  8 19 15 13 47 26 22  1  5 31 19 24 35
38 34 15 44  8 49 29  5 43 46 23 43 23 13 14 31  6 40 31 21 10 46 10 25  8  8 10 13 42  2 48 36 39  5  9 11  7 46 21 41 20 22 21 44  4 35 16  4  2  5  1 20 24 28 30 39 39 35 13 17  3 31 42 35 19 20  1 33 15 42  1 17 18 39 17 39 39 42 15 11 37 15 29 31 44 16 21 34 17  5 45 19 15 37 22 14  6  5 14 47 16 30 27  2  9 22 36  8 24 21 23 12 11 26 13 39 17 35  7 43
37 13 28 34 27 22 29 23 14 14 24 13 25 27 30 23 45 39 20 24 27 26 42 36 36 18 11 29  4 17  9 32 17 20 16 41 33 38 37  2 15 35  9  8  6 11 22 12 23 12 18 43 25  6  9 26 36  3 49 49 22 24 32  9 12 19 11 10  3 31 25 19  5 36  1  5 36 33 11 12 46 19 48  4 11 31 10 36  4 13 15 19 49 28 44  5 27  7  1 37 13 26 39 29 37  9  5 36  6 34 28 28 25 31 19  3 25 47  2 17
 6 22 12 28 45 22 21 29 39 12  9 42 33  2 21 17 31 41  9 34  0 35 11  1 12 12 12  3 10 40 40 15 48 20 48 11  4  9 28  1 20  4 27 12 14 42 25 16 40 17 22 41 23 38 11 15  8 25 26 43 50 19 21 15 34 29  7 14 22 47 39 24 30 29  2 48 28 10 34 49 35 17 15 42 40 46  3 30  4 25 50 38 12 47 30 33 34 28  5 13 42 39 22  6 43 42 35 43 45 16 24 24 17 48 29 31 19 18 48 49
48  1 19 43 18 40 33 26 14 27 20  5  7 33 40  5 45 19 40 15 25 44 49 19 19 46 27  6 12  0 35 28 21 46 12 33 19  6  5 22 20 24 29 40 10 38 28 34 43 23 24 18 17 24 25 32 33 37 27  4 30 36 39  9 18 39 34 31 36 16 43  2 15 32 16 43 27 19 48 35 27 12 44 33 10  8 26 29 27 36  3  5 35 44  4 26 16 40 19 11  4  7 35 37 25 30 26 11 20 16 19  5 32 38  7 15 41 38 10 40
47 27 42 13 24  4  6  6 19 42 31 47 21 40 12 48  2 18 36  5 26 19 32 12 10 47 24 14 45 50 43 34 30 44 44 24 36 28 42 21  8 27 19 36 12  7 12 15 47 27 30  9 36  9 48 30  8 11 37  0 45 14 24 11 25 35  1 20 29 41 49 28 35 12 12 25 16 37  2 43 36  2 12 10  7 32 49 21 11 39  6  4 25 32 18  8 29 28 14  1 31 14 49 33 11  7 22 43 18 15 36  2 34 17 32 30 44  9 45 44
34 17 23 12 44 12 22 27 28 25  7 22 18 39 16 29 18  5 32 23 34 41 17 30 11  1 31 42 44 27 25 34 15 37 38 12 42 46 27  1 48 41 19 46 15 44 18  1 16 24 34 23  5 44  5 33  3 34 31 15 27 45 13 38 25 32  6  4  2 39 44 43 14 48  4 38 29 16 37 39 25  4 39 30 22 29 41 41 23  6 31 43  1  7 42 16 18 14 20 17 43  8 20 24 24 10 42 17 12 36 49 27 40 13  0 49 48  3 26  4
39 48 21  0 42  9 33 34  8 23 47  7 49  4 29 29  4 16 22  5 43 13 49 30  3 42 13 32 25  9  3 18 25 49 14 17 28 41 36 38 23 15 25 22 44 34 15 31 32 26 25  8 34 38 28 50 48 26 36 30  2 25  4 36 24 49 27 21 35 25 23 45 33 19 10 15 48 47 48  4 13 27 38 31 13 46 47 17 33 15 30 21  7 36 32 13 42 29 36 27 49 43 29 23 24 40 32 36 22 32 25  5 25  3 33 24  9 28  0 29
40 41 44 14  5  9 38 34 21 40 11 21  2 21 34 13 45 12 15 29 23 19 31  2  4 38 41 43  5 26 44 38  8 40 32  5 20 22 39 35 40 33 24  9 41 48 23  5 37 12  9 33 30 25 26  9 36  5 26 17 18  9 47 14 40 35 34 24  8 38 29 38 46  6 26 24 20  6  7 44 37 36 15  1 18 44 50 43 30 23 35  4 31  9 15 42 38 29  1 17 44 27 13 46  7 35 21  5 27 39 48 29 50 36 50 42 46  3  2  0
17 50 41 32 15 18 33 25 32 14 36 44 48 44 33  6 13 42 49  8 23 48 48 42 31 39  7 41 17  9  4 46 22 48  8 30  9 15 38  4  5 40  8 34 17 28 16  2 29 22  1 48 45 23 29 24 10 21 24 41  6 23 50 10 36 32 34 35 43 42 16 45 45 33 24 15 45 28 14 17  0 15 11 20 28 12 21  7 31 20  4 17 22 34 49 29 18 27 22 46 40 11 23 47  7 16 30 35  2 28 22 44 17 10 38  4 27 26 23 10
 8 23 14 17  8 40 47 30  9 19  8  5 33 14 42 37 41 48 42  3 23 18 34 10 27 35 36 33 14 18 36 38  4 13 15 14 35 19 26 47 37 49 12 31 47 23  2 38  1 25 15 30  3  7 36 42  1  3 37 20 10 44  3 19 36 36 34 20 25 42 20  3 42 36  4  1 42 13 11 33 27 46  8 14 42 46 16 40  2 42 19 40 38  7 36 34 32 11 24 24 13 44 25 42  1 38 22 36 20 38 36 42  4  6 14  4  8  7 34 50
28 17 32 26 26 39 24 48 32 22 14 35 47 30 37  5 39 34  9 15  2 21 35  4  3 45 29 27 23 42 33 34  1 32 48 50 13  1 11 43 44 47  2  1 10  1  8  9 40 18  2 27 41 47 36 38 45 32 42 49 48 49 35 23  5 39 29 18 35  2  6 37 47  8 38 17 45 20  5 35 47 44 49 39 10 15 30 29 33 45  2  6 39 48 43  8  1 26 31 22 15 45 21 27 29 40 31  8 32 48 25 48 34 37 41 32 14 37 45 46
11  1 23 36  1 33 21 45 22 25 12 16 27 26 42 42 18 20  1 48 48 10 38 29  2 11  4 24  4 41 13 47 38  5  6 11 33  1  2 21 47 35 46 25 47 45 12 39  6 46 17  5 12 24 13  8  4 50 43 23 23 17 35  5 31  1 34 48 35 44 30 27 39 35 21 27 44  3 30 48  9 29 31 41 27 27 27 26 37 19 23 15 18 26 28 26 13 21 38 23 12 47 49 25 31 28  3 32  0 30 40 28 41 36 19 30 46  6 38 45
19 27 46  3  7 41 45 11 13 46 32 31 44 34  8 29 43 17 24 23  1  5 47 47 15 25 19 10 10 27 24 28 24  0 20 44  2 19 26  0 27  1 25 15 11 32 21 38 28  3 14  6 33 23 31 10 32  0 13 44 46 40  1 24  5 48 41  5 36 38 40  6 25 35 16 26 20  1  7 12  5 41  3 46 14  7 27 32 35 29 12  4 29 15 17 10 17 13 47  8 32  3 20 47 14  4  2  4 33 40 38 28 40 23 32 31 28 46 45 25
21 33  0 32  1 30  3 31 23 30 13 29 41 42  1 42 48  7 43  6  8  3 36 34 46 22 36 22 30 27 45  3 36 15 13 11 46 11 45  9 31 26 41  8 11 21 22 15 39  0 20 31  4 33 11 11 46 23 13 26 25  8 29 38 13 18 35 32 26 31 16 28 26 25 41 36  4 16 14 26  6 22 33 48 26 16 16 42  6 25  4 37 10 28 12 23 20 45 18  6 38  1 45 26 35 45 49 18 12  6 39 35 32 46 35 48 30 31 43  5
22 43 45 41 16  4 13 19 17 20 10 44 28 29 31 30 16 19 41 42 42 22 30 38 18 35 41 37 44  2  2 38  4  2 44  3 27 35 13  7 33 18 44 17 22 24 49  7 27 10 36 29 18  6 34 37 18 42  0  3 31 29 44 16 27  2 26 19  4 34 38 36  6 23 38 21  6 50 27 16 21  2 17 39 46 29 20  1 34 28  7  8 19 22 37 14  8 43  5  5 15 13 28 10 20 44 23  0 19 41  2 42 50  0 50  4 18 14  1 24
 9 22 48 15 37  6 33 19 43 45 33  5 26 29 47 25 21 14  6  9 23 33  2  9 18 23 43 31 31 12  2 10 21  4 33 17 46 49  7 37 27  9 27 11 29 20 22 40  4  7 31 27  7 27 11  6 35 19  1 21 44 11 32  3 39 38  2 17 17 16  4  5 40  7 10 23 11 32 39  3 41  5 49  6 37 14 21 27 17 11 13 28 41 33 20  0 25 11 11  1 48 31 45 19 31 47 28 17 37 24 10 47 37 19 20 21 35 48  5 15
16 33 27 43 10 47 24  2 10  8 37 44 19 28 13 25  1 32 31 38 40 46 34 48 31 17  9 36 10 45 49 30 22 22 37 40 23 11  1  2 49 21 44 24  3 46 21  0 11 32 22 40 12 20 33 14  5  5  7 23 14  3 32 20 19 19 44  4 40  2 13 15 42 39  5 29  2  2 39 12  7 49 19 33 43  8  3 22 23  2 35  3 15  6 23 42 23 49 21  1 12 37 37 49 15  9 17 41 24 24 41 22  9 47 34 32 20 43 15 49
 8 43 27 14 21 26 50  9 44 10 26 19 45 45 19 15  7 28 30 44 25  7 45 11 22 39  9 13 32 45 39  2 12 16 24 23 49  7 38 35  8 38 30 48 31 42 26 43 15 11  3 39 30 19 49 35 10 48 41 27 18 30 35 24  9 25 35 14  0  6 30 13 18 50 22 27 41 16 30  2 45 38  9 19 25 11 19 49 35 46 19 41 21  3 14 23  8 50 35 25 49 39  3 50 23 46 23 11  9 23 15 36 14 40 32 13 43  5 16 16
28  9 39  9  5 30 34 13 32 36 10 47 49 24 32 44 11 26 16 15 39 36  7 34 33 24 24 16 34 19 50 46 23 15 33 29 27 49  1 27 49 36 33  9  2 32 33  7 17 20 33 44 33 11 40 18 17  9  4 18 48 25 30 44  5 43  6  6 21 14 23 33 45  9 45 24 49 19 23 42 28 32 30 28 18 44  8  3 49 29 24  7 11 33 39  1 28 35 43 28 23  8 14 27 39 19 26 11 43  6 12 41  5  9 43 18 18 18 22 20
24 31 49 17 29 50 18 22 43  1 15 39  1  7 21 48 17  6  8 44  3 26  6  5 38  9 13 37 46 37  8 11 37 15 43  3 20 17  9 21 21 12 16 12  4 49 29 37 19 40  6 12 13 18 42 42 35 42 47 42 38 23 43 47 50 11 29 37 48 35 12  0 25 20 19  2 13 44 36  7 29 46  3  1 26  8 40  2 17 34 38  1  0 38  3 39 31 33  8  4 10 17 26 35 32 22 19 43  2  2 42 40 42 32  4 50 34  6 33 38
35 17 46 37 28 45 10 18  7 49 27  8 41 19  7 49 39 26 37 26 46 33 32  5 28 42  6 25  7 33 32 36 31 23 46  1 14 25 48 34 27  8 21 44 10 24  3 21 34 30 21 21  7  4 41  7 31 35 12 44 20 25  1  9 32 32  4 35 19 19 22 33 32 33 40 49  8 19  9 32 47 33  9 16 31  4  6 34 24 11  7 30  3 42  0 18 27 30  3 46 43 23  3 33 49  5 18 24 32 39 20  4  1 19  5 22 32 16 32 28
 4  7 40 15 40 47 32 35  0 47 17 49  4  8 14 34  0 41  8 11 25  4 45 18  7 12 45 25 19 45 32  9 24 19  3 41 37  3 13 17 21 34 23 10 37 19 25 22 12  2 25 35 18 38  9 50 37 10 29  8 39 23  2 25 23 29 36 18  1 49 45 35  4  7 39 11  3  4 39 10 35 31  3 43 43 29  2 25 47 45 33 40 17  6  2 42 24 32 24  6 23 11  7 24 25  6 27 46 36 16 16 34  4 22 32 32 18 41 22 18
46 27 16 34  4 46 41 34 12  5 42 41 18 15 29 35 28 35 29  4 35 30  1 45 29 21 49 44 36  4 28 28 27 36 46 48 48 31 35 35 29 11 21 32 24 29 16 34 22 14 14 16 27 44 47 23 49 34 21 27 22 29 37  7 34 36 39 34 17 15  8 26 33 49 24 16 26 45 15 24 13 20 44 21  4 25 19 44  1 42 17 30 49 49 31  6  4 42 16 16 16 13  6 24 19 19  1 49 24 16  7 40 35 45 16 44 24 34  4 49
 8 41 13 26  0  0 10 22 10 47 25  9 35 27 16  6 12  9 30 40 39 17  1 44  9 21 15 48 17 42  1 29  6 21 21 42  8 36  5 25 40 39 46 16 24 33 49  7  5 19  6 44  5 18 38 49 30  4  4 10 26 36 22 42 48 41 46  2 17 27 16 39 23 20 49 19  3 13  8 22 12  9 13 36 46 18 46 21 30 20 16 36 18 33 20  8 22  5 20 37 40 43 16 48 20 21 48 24 10 34 45 36 47  1 16 41 13 37 46 29
45  3 48 22 15 15 43  2 14 39 28 46  4  9 26 49  0 36 35  4 42 18 32 21 35 39 16 33 14 23  8 12  7  3 19 31 44 19 17 30 22 10 37 23 24 47 11 35 50 31  3 40 48  6 37 47  3 23 16 45 35 29 13  7 50 22  1 16 37 38 27  8 13 22  5 12 41 13 31 21 36 18 23  1 39 49 14 12 13 14  3 42 40 21 34 13 12  1 38 25 46  8 24 29 19 30 48 18 34 49 41  4 37 41 34  8  5 15 45  5
29 31 43 26 38  8 32 50 30 48 17 28 14 30  9 17 19 15 43 29 40 34 43 21 34 19 45 26 42 46 36 24 45 28 49 40  1 11 22 30 29 37 37 35 31 49 47 21 18 24 37  8  3 12 10 36 33 25 33 31  1  0  3 40 44 42 34 34 10 41 19 21 13 20 20 48 22 32 33 45 39 40 46 28 14 38  2 33 39 14 18 13 49  5 16 19 42 24 15  9 19 43 37 37 25 38  1 34 30 50 12 11  1 32 13  5 20 17 11 39
13  9 47 26 39 25 36 18 28 18 23 28 27  3 18 24 49 44 43  2 27 40 47 43 46 45 15 33 48 48  1  4  1 15 17 31 40  7 22 31 34 49 19 12 14 28 22  2 37  3 15  1 43 48 30 37 11 16 35 11 45  9 38  2 44 36 19 10  3 40  5  2 42  2 11 30 39 20 40 44  9  7 48 23 10  8  9  6 46 42 12 30 26 42 30 23 48 34 28 43  2 33 28 16 11 26  3 16  1  5  7 20  2 46  2 13 31 34 11  3
19 11 16 37  3 11  9 14 16 47 11 31 18  6 46 20 22 42 32  5  4 23  8  8 19 33 39 19 11  7  4 38 33 41 45 12 33  1  4 47  7 11  4 24 33 18 48 18 47 40 37 44  2  9 23 37 11 23 45 50  6 18 38 13 41 29 34 36 41  5  5 38 39 27 40 45 14 49 32 33 44 18  3 20 30 23 38 23 32 28 30 33 37 18 31 16  4 11  7 45 41 18  0 49  2  8 19  2 21 15 48 11  1 36  7 37 29 12 37 43
42 21  9 41 22 34 19 35 31 37 34  4 12 10 10 29 26 24 20 34 42 36  2 25  8 36  1  1  8 21  2 25  0 25 32  1 15 46 12 49 44 36 22 23 44 19 32 20 14 17 16 40 10  3  5 42 10 24 47 13 36 45 10  6 17 46 19 43 13 33 49 20  1  3 45 28 33  4 15  4 16 20 43 47 17 34  4 44 23 36 29 33 47 27 24 13  0  9 10 28 29 47 11 45 17 12 25 21  8  6 21 31 24  6 23 21 22 12 30 11
32 15 48 25 14 28 14 24 45 32  4 19 28 10 48 49 33 40 22 42 35  4 50 16 43  3 45 18 50 10 47  4 40 28 21 34  4 25 37 12 43 31  3 26 12  7 22  1 34  0 39 23 10  4 39  4 26  9 12 32 14 46 31 40 18 41 23 18 20 23 20 23 44 35 14  5 39 23 26 13 35 45 16  1 36  1 45 33  8 42 21 20  9 21 27 34 45  1 31  9 43  2  0  4 29 48 14 19 39 38 18 47 14  9 24 12  6 13 42  7
 3 36 49  1 16 44 44 13 32 24 33 20 34 27 14 44 15 34 17 36 16  9 43 41  1 43  4 39 20 28  7 36 36 29 50 11  1  7 16 31  6  9  3  7 12 37 28 22 30 46 33 43 37 16  7  2 29 28 20 32 14 45 34 17 38 15 35 45  3 46 21  8 38 17  6 23  6 38 24 16 28 45  4 47 12 43 21 23 50 11 40 18 46  6 15 37 28 34 10  3 26  9 40 49  3  7 24 24 37  0 39 33 12  7 25  8 14 22  1  9
49 36 24 44 24 20 46 37 48  4  7  3  7 46 33 38 25 27 30 42 19 34 34 44 25 13 11 34  9 30 31 18 12 39  9 39 48 40 47  6  6 39 12 29 38  6 29 19 46 29 37  5 25 35 10 38 21 44  7 13 35 35  1  5 24  4 37  2  3 41 35 33 42 32 25  4 38 36 32 40 30 28 14 14 27 41 19  3 39 34 12 30  4 44 16 22 26  9 22 37 39 21 35 33 36 45 47 14 33  1  5 34 47 16 38 37  5 21 32 26
49 25 24 25 46 44  8 29 24 15 12 19 13 30 17 42 38 33  4 38 16 33 32 11 26 10 39 21 19  0 17 18 25 39  9 10  3 32 39 37  2 24 23 31 42  3 26 14 18 33 48 32 35 22 44 28 50  3 43 20  8  2 27  9 16  5 44 18 35 17 34 11  3  2 17 13 36  9 33 30 46  5 16 33 11 15 32 16 49 17 40 30  2 40 39 44 48 18 20 41  8 46 15 28 40  6 31 47 16 31  8 32  7  8  0 23 18 13 50 29
17 25 16 23  1  9 31  6 21  1  6 48 26 17 49 13 14  2 12 17 33  3  0  4 37 28 30 22 21 14 35 37  6  9  2  9  6  7 15 17 13 11  1 49 50 28 39 20 11 15 47 47 28 46 31 20 26  7 12  4 17 12 45  8  9 32 38 14 30  6 39 20  9  1 33 45 29 25 26 19 30 25  4 36 31 21 13 17 48 28 15 36  6 14  1 41  2  4 13 49 11 14  7 47 16 46 35  1 50 47 37 37  0 36 22 29 13 37 41 45
27 31 39 44 27 41 44  1 19 36 29 31 48  9 11 47  2 31 34 29 24  0 27 18  6 14 30 32 27 45 40 40  4  7  0 17 46  0 47 43 11 30 30  8 18 29 42 41  7 32 40 11 45 26 40 43 10  1 46 23  9 44 50  3 23  2  8 47 14 27 47 27  1 10 50 39  4 19 14 15  2  4 28 50  3 48 38 48 30 23 40 29 33  3 28 25 10 13 40  5 19 22 19 43  7  5 19 20  1  2 39 20 22 43 38 35 31 20 47 31
15 19 22  9 18 42 29 37 30 38 11 41 48 16 35 12 38 18  6 19  2 37 49 37 25 34 32 20 49 39 24 14 26 47  8  9 31 12 23  0 48 32  1 10 45  3 32  3 10 46  2 37 44 25 14 38 50 48 46 34 43 23 21 33 23 37 49 27 27 24 36 17 30 35 28  5 16  2 14 42 26 25 20  1  0 37 38  7 33 48 47 47 24 27 14 36 36  4 46 45 44 48  6 30 28 37 46 35 21  6 21 35 46  7 39 50  1 37 34 32
12 42 41 20 42 49 15 12 20 31 41  7 40 47 35 12 28 48 26 34  7 10  4 46 28 23 21 29  8 30 13 19 42 37  1 37 25  1 46 50 15  1 21 20 50 11 25 20 49  1 19 39 16 46 16 13  6  6 23 22  4 20 33 46 36 13  3 15  0 10 35 38 48 23 23 18 44  3 49 24  6 17 44 42 36 34 32 35  3  2 10  5 19 25 26  2  2 46 47 30 40  0 49  4 21 26 33 29 41 43 45 15  7  8 14 32 48 46 41 41
35 42 34 49 21  9 34 10 45 32 41 21 19 18 47 30 41 23 14 14 47 20 24 12 28  2 27 38 34 35 41  0 13 30 19 21 42 30 45 39  0  6 12 47 21 33 22 47 41  4 37 16  7  3 34  2 25 47 28 34  5 14 18 28 38 16 30 38  9 48  3 35 39  6 31 24 17 26 20 48 21 42 29 39 24 25  6  2 11 38 32 45 12 20 22  2 38 31 34 45 39 39 49 38 27 25 50 33 35  6  6 15 48  6 47 24 19  9 14 44
12 40 31 26 28 33 30 23  3 44  6  9 29 45 48 40  9  5 33 47 45 40 33  7 36 22 28 50 21 49 12  2 39 45 16 46 29 42 44  6 38 35 14 16 19 16 11  3  6  8 48 30  9 46 29 14 40 10 25 19  5  3 19 28 28 46  0 41 29 33  5 38 19 45 34 42 11 35  2  7 17 11 23  0 42 35  2 40 13  3 20 18 15  4 21 12 32  7 30 33 44 17  7 48 14 29 50 31 31 14 34  3 44 38 14 16 33 14 39 47
35 20 28 34 49 40 30 39 46 37 25 35 41 35 49 28  9 40 29 39 23  7 29  3  1 45 23 23 26 37 22 18 14 11 19 14 20 19 34 15 26 44  0 38 12 38 16 42 45  2 27 19 14 36 43 42 24 34 42  5 10 30 37  4 29 33 37  5  2 29  0  9 39  7 40  2 29  1 18 17 42  9 47 20 21 15 28 37 33 14 21 18 36 13 29 30 34 26 10 45 22 32 29 15 33 20 39 12 43 45 50  0 42 17 39 40 35 18 31 29
31 12 37 18  5  7 33 11 14 14 26 45 38 11 40 29  8 42 33 24 36 31 49  9 26  1 50 42  5 50 31  1 50 24 28 41 13 32 48  4 36 21 43 15 27 25 19 20  0 30 45 14  4 31 31 30 19 25  1 26 39  3 25 12 39 18 32 12 49 17  3 24 11  2 16 39 10  4  9 32  6 21 32 33 11 43 10  3 31  3 44 20 42 40 30 39 25 32 12 44 39 25 24  5 10 41 33 26 49 35 49 46 42 39 22 10 44 11 46 15
49 21 47 42 45 40 48 29 17  2 16 46 46  6 33 39  6 35  9 36 40  1  2 40  9 43  9 13  5 33 22 37  8 36 30 12 41 35  5 37 31 11 40  3 37 23 26 11 14  5 44 47 19 31  1 38 23  5 34 11 24 41 48 32 40 48 35 19 21 49 35 47 32 38 24 18 41 45 18 26 15 48 25 11 29 45 33 32 37  2  3 10 25 10 23 16  4 33  4 25 49 32 30 28 38 31 26 35  3 14  7 33 16 21 15 39 16 19  8 44
 3 26 35 40 26 40  6  4 48  2 42 41 41 49 22 48 42 10 28 44 39 16 11 31 10 17  4 39 32  2 23 15 36 22 20 46  1 50 49 33 17 11 38  9 34 31 46 38  2 25 20 15 14 32 44 18 31 29 31 31 31 40 44 40 43 22  1 18 13 46 24 29 49 45 49  6 16 10 26 40 33  9 20 40  7 14 43 45 13 14 18 44  8 49 47 36 31 45 19 29 25 30 20 35 22 41 27  7 24 23 28 37 44 23 39 18 16  6 24 20
18 27 41 15 36 11 20 24 12 15 37  1 32 34 44 14 30 18 14 20 42 29 17 48 27 24 11 30 31 27 46 46 35 27 26 38 32 31 22 36  3 23 49 20 49 40 22 47  3 40  1 13 43 35 14  8 41 37 10  3  1 19 37 38 36 49  5 13 43 40 47 35 22 42  4 17 46 10  4 43 22 14  4 35 26 22 39 48 43 43 44 49 11  6 10 37  9 35 30  1 50 20 30  0  8 10  3 42 15  5 20  9 47  2 32 38 36 28 40 50
12  4  9 16 37 25 48  3 16 34 24 45 28 16 43 47 12 40 15 26 41  5 31 40 17  6 32 36 21  5 12 27  6 13 23 49  3 50 21 35 27 45 26 49  5 43 14 26  7  3 38 23 49 21 45 23 30 47 21  9 43 47 47 16 18 26 31  9 11 19  8 20 49 30 38  3 20 45 45 29  3 26 17 41 49 43 50 31 27  7  8 43 32  8 44 34 17 22  3 20 48 14 33 46 49 19 28  4 20 40 47 42 30 43 48 47 11 48 21 19
15 21 46 36 43 16 45  4 38 14 19 34 32 26 28 40 28 19 15 18 38 35 16 42 36 22  6 16 30 44 44 43 32  9 19 49 31 45 32 14 25 11  1 40 13 15  5 31  6 33 12 50 43 11 13 42 30 39 25 32 45 28 39 30 25 30 29 49  8  7 41 22  9 43 38  8 28 20 36 45 25 30 27 46 13  5 26 39 15 10 46 35 29 35 13 18 23 36 15 27 44 30 16  5 34 12 26 34 28  4 27 23 42 11 19 40  2 11 40 12
40 40  9 33 20 28 14 37 31  3 43 26 27  3  4 46 26 27 38  4 49  6 36 20 26 43 48 29 38 27 24  1 40 18 48  8 30  9 34  1 12 47 44 32 38  6 32 12 33 33 23 14 20 12  2 37 38 32  0 22  1 33  6 43 34 10 22 17 16 40  1 34 13 23 31  4 22 14 33  9  7 31 20 43 20 26 42 35 45 40 17 12  5 41 32 23 15 36 16 26 30 42  5 30 27 25 42 40 46 46 37 30 24  7 49  1 26 33 10 49
40 50 29 48 28 38 26  1 26 29 43  5 27 23  5 38 41 49 40 40 34 15 23 20  6 28 34 48 41 29  2 47 34 49 17 25  6 37 21 26 16  7 28 32 24 39 34 33 49 18 36 12  1 47 17 36 42 43 30 19  3 18 20 23 26 29  1  5 14 15 40 13 33 32  1 40  3 49 36 22 22 32  5 24 36  0 14 29 24 24  3  2 46  7 43 41 23 33 39 49  9 45 32 37 19 36 17 31 23 15  2 33  6  9 23  8 27 40 20 26
44 44 24 35 21  4 46 33 23 38 11 33 38 40 43 20 32 23 10 22 48 34 38 10 34  0 39  3 45 46 15 49 15 11 22  8 43  5  5 27 12 14  2 46  9 31 43  1 11 31 28 21  3 27 30 11 20 31 40 19 28 28 34 43 12 11 35  6 24 24 37 13 22 29 39 28 14 30 34 13 38 27 10 44  3 30  1 15 11 21  5 46 18 17 14 46 18 42 12 28 45  6 38 23  4 31  5 34 42 11 21 31 41 48 18  4 37 49  8  6
42 18 42 45 43 42  8  8 47 44 16  2 39 33 33 42  2 45 41 26 20 14  9 10 19 14 35 11 12 50 27 37  2 22 46  8 28  5  5 27 38 47 32  3 32 29 28 46  3  1 27 30 45 41 24 39 37 29 30 15 22 34 38 48 16 28 34 26  1 34  5  6 20 44 41 23 16 18  9 22  2 17 17 44 44 29 31 41 18  5 43 47 48 45 33 35 38 46 35  2  0 13 48  1  8  7 14 48 50 19 44 22 10  3 20 46 49 49 35 40
21 43 21 19 26 39 22  5 46 32 49 23 34  8 42  6 21  7 37  5 22 39  8 13 11 23 31 11  2 22 22 42 25 32  5 16 34 48 30 43  5 50 11 42 37 46 29 26 31 37 27  2  1  4 12 43 15 33  5 26 19 29 42 46 13 41 24 21 40 19 40 18  5 12  5 11  1  2 27 32 13 24 49 46 25 24  3 10 33  4 49 14 18 10 48 19 20  4 39 48 22 32 29 12 44  7 21 42 20  0 36 22 33 26  3 18 41 12 50 19
24 11 21  5 29  7  7 16 39  4 41 34 18 17 41 44 10  5  5 40 29 22 16 35  5 16 48 31  2 39  2 12  6  1  5 47 34 26 33 38 22 49 42 28 48 23 20  7 46  8 12  1 32 33 40 43 39 49  2 38 40 23  8 20 34 16 29  2 40 48 20 25 18 18  1 36 26 49 20  5  6 23 29 29 11  1 36 25 49  3 33 12 40 30 46 19 34 40 28 12 39 23 30 15 11 43 35  4  4 25 16  5 34 41 38 41 23 22  6  9
40 13 42 46 37 29 32 29 34 15  4 20 35 37 29 18 39  9 20 30  4  6 49 45 44 40 20  5 39 27 25 26 33 12 29 31 14  7  3 44 37  4 38  1  6 20 38  6 43 41 34 22 33 42 37 28 18  1 48  1 38  1 23 20 15 11  9 18  8 32 14  0  4 10 31  8 12 45  5 24  8 30 19 32  3 34 15  2  4 14 36 42  6 16 14  2 34 44  3 40 13 47 48 27 13 40 31 23 22 43 14 34 24 36 27  5 40 25 24 24
48 31 31 36  9  1 22 31 33 24 12 42  1 33 49 32 13 36 25 35  8 17 40 35 36 49  2 17 32 35 36 20 38 44 17 47 45 34 45 25 35  1  8 44 16 37 40 37 16 11 19 28 10 11 49 30 37 33  7 25 16 17 38 24 20  6 26 37 41 32 11 36 23 34 26 27 23 15 32 13 24 27 24 35 50  4 10 33 33 13 40 21 18 30 48 38 12 29  4 46 48 31 29 44 46 30  7 14  1 40  1 49 47  4 43 48 21 38 24 15
31 33 23 28 36 14 17 23 30 43 22 36  2 34 49 38 14 40 20 15 36 49 38 13 48 35 27 27  6 45 14 10 26  9 25  0 15  7 37 48  9 13 46  8  9 23 33 27 29 31 15 12 48 31 29 32  1 19 22 14 12 15 32  3 14 20  5  0 30 22 31 21 28 31 28  8 23  9 15  8  9 21 49 47 10 11 19 24  0  9 22 42 27 33 33 43 22 11 31 31 28 40 27 49 13 47 21  7 37 49 45 10  7  6 46 39 36 12 39 32
47  2  5 17 33  3 45 25 24 20  8 43 50 43 23 40 38 37 16 50 29 22 16 26 37 14  1 44 46 16 38 15 43  1 18 19 23 41 29  8 46 36 27 35 39 23  1 17 47 22 40 11  2 45 12 25 35 20 27 25  4  1 27 34 35 41 34 28 28 11  2 46 31  4  6 21 12 35  1  4  7 19 34 38  7 15 22  3 43 40  6 16  4 12 24 11 33  3 33 44  0 29 22 26 23 13 15  1 12 36 46 29  8 46 35 36 29 40 32 21
12  1 26 27 45 46  3 49 37 42 45 27 28 11 47 50 34 42  3  2 19  9 49 49 30 46 21 33 22 44  4 26 18 25 49 12 13 22  3 12 32 15 23 10 12 11 30 48 15 26 13 26 32  7 46 33 24 16 15 49 20 29 12 29 43 34 31  5 49 34 46 22  7 48  1 32 42  2 34  9  4 24 46 15 46 30 46 46  2 41  8 27 16 48 11 44 44 22 25 22 22  7 33  1 32 28  0 20 43 11 47 36 14 19  6 21 24  4 10 41
29 29 47  5 42 10  3 43 37 28 26 29 25  8 39 21 29 33 15 32 34  9 24  4 40 46 30 32 34 50 47 19 10 41 20 22 50  4  7 17  7 29 35 39 21 36 41 21 45  2 42 34 39 23 41 43 23 42 27 14 11 36  4 32 14 34 38 11  1 49 31 30  5 13 32 49  7  9 28  8 39 22 17 17 34 47 19  1 18 21  3  9 34 25  1 50 50 14 46 43 34 42 12  6 24 15  6 41 49 37 43 22 48 32 24 42 32 28 38 18
 3 30 47 47 49 18  2 38 29 23 21 19 23 12 18 14 25 28 41 40  0  9 28 20 27  6 21  3 39  3  9 37 41  4 18 11 28 16 29 20 47 34 24 40 12 47 19 17 25 37  4  1  3  9 10  6  9 17 26 20 12 34 39 20 20 20  7 13  3 46 10 11 31 19  7 26 45 30 45 27 44 11 49 21 14 11 43 15 30 22 20 47 47 45 43  1 30 36 28 25  8 24 14 44 20  1 30 32  6 14 36 23 40 48 48 29 41  7 41 44
 9 31 24 30 23  8  2 25  1 29 35 50 38 31 13 39 18  3 46 50 22  7  8 10 42 35 50  4 10  3 44  6 34 10  1 11 10 33 35 26 17 27 46 40  2 36  7 10 30 10 30 26 42 13 47  4 40 15 22 38 12 50 21 29 31 38 14 44 16 36 14 20 24 48 28 22 41 20 19  8  1 21 11 13 11 13 33 48 15 25 37 28 35 27  8  1 18  7 35 15 10  7 16 43 34  4 26 41  1 31 21 27 35 28 24  4 24 34 37 14
35 36  3 22 30  4 18 40 46 20 17 16 25 20 49 13 40 34 50 43 48 31  1 15 18 37 39 35 16 33 41 50 31 11  1 19 13  0 11 49 21  8 15  9 19 22 35 16 50  9 19  1 39 14 26 39 16 14 17 50 36 13 19 42 27 18 28 45 49 28 11 14 19 36 37 16 24 47 47 26 45 13 21 34 37 21 23 32 49 42 21 39 48 30 33 24 45 21  1 24 23  1 32 32 33 11 34 15 39 17 16 45 34 19 30 12  4 36 39 16
16 10  9 38 21  4 13 31 33 30 36 19 10 46 20 49 12 19 38 22  2  7 36 41 22  1 38 25 15 44  6 31 24 43 21  7 22 21  7 29 11 30 50 46  3 26 19  5 17  6  0 37 50 39 44 25 24 19 24  0 42 26 16 38  8 10 30 13 30  9 12 47 30 17 33 34 10 15 37 29 41 44 39 26 18 12  5 49 41 27 32 12 36 40 28 48 45 36 30 16 25  4 40  2 11 14 23 39  7 25 26 41 28 11 10 40 38 23 31 16
36 43 14  8 45 27 36 36 43 21  2  1  3 35  6  2 10 21 27  8 42 19 20 48 15  0  2 46 30  3 20 32 27 41 42 32 10 48 21 40 14 17 29 25 43 33 33 43 43 21 18 14 45 17 30 32  7 29 33 43 13 11 42 32 30 49 37 49 49 15 17 33  9 26  7 40 24 39 26 11 42 21 35 21  3 12 42 37 21 15 15 18  2 46 16  2 32  9 36  7 37 30 36 25 41 40 33  8 27 27  3 27 48 21 50 17 23  1 37 22
48 43  2 46 45 45 44 38  8 20 30 35 28  3  2 27 48 37  1 17 34 16 40 47 29 46 24 16 22 13 40 36 13 37 36 10 46 31 37 42 15  1 39 27 12 43 29 10 34 27 29 44 17 32 13 21 45 13 25 33 32 13 25  9 30 50 35 25 16 40 16 41 14 38 19 40 46 48 24 35 38 26 19 39 20 26 34 49 10 34 46 40 28 50 21 46 49  1 16  8 20  4 34 37  8 32 43 13 20 34 35 15  8 22  8 36  7 26 16 18
15 16 47 25 19 37 41  7  6 15 31 23 41 22 31 46 38 20 13 34 35 37 35 37 22  1 31 17 18 18 23 37  5  5 35 30 47 15 34 20 17 41 46  3 30 49  4 21 30 17 45 24 13  5 35 27 49 45 33 14  2 33 35 49 36 49 44 21 37 14 19 38 39 13 37  1 18  7 13  9 46 15 45 29 19  1 22 19 34 31  4  2 46  1 49 31 25 19 34 17 15  3  8 15 43 38 13  9 25 49  6  4 39 25 43  0 18 43 11 22
 4 13 12 13 12 19 17 35 16 46 27 43 35 12 12  8 48  0  4 40  2 14 40 21 48  9 48 32 10 38 20 23 43 42  1 49  8 17  0 12  6 32 41 37 41 13  6 37 18 11 47 42 23 12 22  2 23  6  4 34 19 28 33 48 33 18 34 41 32  6  9 47 22 22  4 42 26 30  3 43 33 18 11 40 40 21 43 34 47 20 27 19 41 11 43 43 16 42 11 40 14 27 18  6 18  9 43 26 37 11 25 35 26 11  8 36  0 10 35  9
23 21 25 34  9 43 40 36 19 37  2 24  2  2 33 46 18  6  1 18 26 33 15 32 30 27 46 43 47 34  6  1 14 28 37 50 50 32 15 48  8 35 43 24 39 22 30 25 35 32 43  2 18 26 22  4 43 47  9  9 22 19 48 19 30 29 47 12  5 35  0  9 45 20 29 24 16 24 24 36 12 23 41 12 49  4  6 14 25 13  9 47 15 27 21 36 30 32 41  9  7 28 25 38  3 32 34 15 18 44 47 20 45 36 17 36 23 49 49 24
31 35 17 27 42 13 22 10 11 48 12 22 30 45  5 49 25 25 18  2 37 38 46 19 34 49 45 36  3 15 22  1 46 49 33 28 20 28 42 32 47 13 28 43 47  6 21 19  2 26 26  5  4 40 21 33  5 36  5 33 35  6 37 31 42 15 29 24 49  2 43 10 25 39 26  4  4 11 10 20 18 37 10  3 13 39 36 25 49 28 48  0 28 40 33  7 27  3 32 32 18 25  1 28 44 22 47 33 26  3 29 44 27 16 13 28 39 22 35  8
28 13 45 33 22 28 17 30 42 22 39  5 49  0  6 43 41 26 29 41 31 47  2 14 31 38 19 43 25 23 33 36  2  7 41 17  4 47 36 40 14  0 36 11 21  7  4 46 46 24 37 45 48 30 14 19 31 20  9 48 38  2 18 40  6 19  9 47 28  3 29 17 14 36 25 48 44 46 34 18  8 18 35 35 43 25 39 12 33 43  4 45 45 10 28 33 34 43 24 18 16 33 41 33 20 23 12  2 41 16 42 21  1 39 45 13 19  3 21 34
12  4 27 13  2  6 27  3 44 39 16 32  9 47 36 42  7 22 27  8 36 45 40 28 10 28 12 11 34 16 31 47 17  1 42  6  6 19 42 17 35 34  5 14  1 39 43 43 17 15 35 17 37 41 35 16 30 28 31  1 47 22 39 15 15  4  7 28 38 37 21 43 35 27 41 25 45 47 47  4 41 42  6 34 38 14 43 26 44 30 33  1 14 29 29 42  3  1 15 21 47 30 32 28 23 36  5 50 39  8 35  0 26 19 21 42  1  0 34 15
40 10 29  4 38 20 45 31 11 50  7 48  2 36 39 13 28 11 14  5 39 43 48 42 46 37 10 22  2 37 32 35  5 21 40 47 34 27 21 14 15  4  6 39  5 35 26  3 47 30 30 41 31 20 45 46 40 16 45 22  9  9  7 11 22 47 20 14  8 13 19 48  9 36 10 40 24 14 28 25 17 49 27 34 49 27 35 40 38 38 42 49 36 25 44 18 46  9 48 15  3 15 41 31 43 35 43 16 41  7 23  8 23  1 43 15 31  6 10 28
48 20  8  4 24  8 10 48 38 18 31 21 12 24 17 11 32 36  6  1 48 22 14 35 20 47  2 48 38 41 14 27 23 24 15  2 11 29 36 14 21  3 47 34 11 21 11 11 18 29 21 33 40 41 43  3 42 50 48 24 24 39 12 35  2  8 23 35 41 25 40  3 16 49 19  8 14 14 44 40 31 22 10 33 32 38 33  5 44 27 20 20 32 13 24 38 43 47 36 30 44 36 27  2 34  4 20 39 50 35 43 25 29 32  5 18 12 31 39 19
11 34  4 11 42  3 26 40 21 49 24 20 21  8 15 47 21 49 21 37 37  2 12 32  0  5 16 13 12 14 21 23  4 33 27 42 28 41 45 37 16 21  3 31 34 30  3 18 13 30 44 14 37 44 18 24 33 41 43 38 50 13 46 31 36 29 37  7  7 10 37  7  1 22 40 48 40 13 45 10 22 32 21 36  7 21 23 28 26 13  5 27 22 35 26 45 34 47 21 26 16  8 17 14 22  5 29 37 30  8 44 28 44  6  4  8 45 28 19  8
26 12 18 35  7 34 37  7 45  2  8 21 40 38 23 37 15 20 19 40 35 25 17 22 48  8 47 40 50 25  3  2 48  9 48 22 21  4 36 16 34 13 10 44 42 35  5 18 40 22 19 11  9 25 13 17 37 16 34 34 10 32 11 24  7 15 28 48  9 26 15 14  4 33 17 25 43 14  2 50  9 27 30  2 14 47 17 41 46 41 41 22 15 39 24 24  5 33 39 31 32 19 35  9  6 46 41 11 18 21 25 23 44 29 13 43 21 12  8 42
 5 26 39 49 18 37 27 28 49 10 43  2 27  8  4  1  9 11 25 16 44 45 33 33  8 47 30  5 47 48 40 34 21 37 11 24 40 44  1 38 27 50 29 44 25  6 46 11 10  0 24 41  9 42 33 42  7 32 20 12 13 29  2 31 41 27 29  9 10 23 20 49 21 47 30 37 18  0 41 14 49 15 13 36 28 49 26 21 37 37 46 25  9  7 31  4 45 30  4  7 13 39 23 19 37 36 43 10 27 17 43 43 14  3 26 24  7 25 16 22
39 16 28  4 37 21 15 28 25  7 40 36 43 48 37 49 40 24 33  6 16 50 37 30 23 42 13 18  7 12 38 11  5 10 35 37 38 40 31 24 24 21 12 25 43  7 29 24  3 31 26 37 12 27 36 32 41 30 48  8 48 41  9 40 17 37 23  1 47 46  9 32 19 13 17 20 33 30  0 44  8 33 36 36 37 39 49 11 41 50 45 19 12 45  2 19 37 16 45 21 37 35 33 43 15 34 19 42 12  2  2 46 17 47 22 18 30  4  2  6
41 37  8 11 16 46 10 37  4  5 17 48 13 25 33 45 13 23 46 11 34 17 16 27 17 43 24 36 15 30 42 12 16  1 23 43  6 23 10 40 21 11  2  4 26 16 50  2 23 16 26 33 43 20 25  9 26 17 15 12 39 28 19 10 37 39 44  5 15 11 14 12 35  0 49 44  2 16 11 28 49 44  3 25 36 22 24  7  4 26  9 30 34 39 47 16  5 30 12 38 40 48  9 40  8 39  3 15  9  3 35 29  6 42 46 15  6 48  5 43
30  0  2 12 21 22 14 35  4 17 22 10 44 33 48 11 34  7 44 20 43 11 22 44 43 22  2 10 39 44  6  3 42 26 47 23 39 19 20 16 27 47 16 14 27 28 27 34 23  1 32 10 44 49 22  4  9  7 12 46 14 10 44 20 30 49 38 13 29 44 46 17  8 27  3 34  5 35 10 29 33 17 37 38 41  0 40 26 13 14 27 35 48 40 49  3 23 18 37  8 46 18 34 40 35 41  5 44  8 22 41 12 31  9 22 24 10 12 47 42
12 43 33 14 33 42  9 48  9 49 39 39 49 18 25 37 14 24 11  7 33 14 49  2 11 47 13 30  9 15  8 25 24 22 13  8 44 45 14 30 36 46 31 49 42  4 11 19  1 45 23 22 42 17 46 12  3 24 18 34 19  3 30 29 15 48 49  0 21 49  6 14 27 14 28 12 17 48 13 40 42 21 40 27 35 13 28 46 24 37 34 15 46  7  9 41  6 13 14 14 12 23  4 30 48  6 19 35 33 28 39 13 50 41 37  4 23 49  7 18
10  2 32 25 41 13 49 41 20  1 13 34 29 31 27  2 41 27 32 24 35 28  5 28 13 12 46  4  3 16 12 27 13 37 49  8  8 24 41 47 15 29 17 28 13  9 41  7 33  2 15 36 43 11 45 29 27 39 19 19  1 18 18 15 45 27 46 43 37 23 33  1  6 31  7  5  9 48 45 41 44 37  5 16 39 18 42 43 23  4  4 21 47 35 38 15 42 41 41 43  7 27 27 46 42 48  9 35 37 10 31 45 10 26 38 31  5 35 43 16
12  5  5  4  6  5 19 22 23 13 40 36 40 34 12 27  6 40 30  7  5 41 33 27 16 25 36 19 25 23 24 19 14 36 47 24  9 22  8 29  1 27 36 46 15 27 41 42 18 19 17 13 31 39 36  4 45 33 30 23 39 49  3 29 45  5  7 33  3 34  6 40 12 25 50 20 35 44  4  5 34 24 47 17 21 15 31 44 38 34 14 44  3 49 26 25 13  9 35 40 19  2  2 12 20 45 38 19  3  1 18  5 13  1  3 34 31 47 30 37
35 40 10 45 24 15  8 22  3 15 24 10 35 47  5 38 21  5 32 21 17 11  2 46  4 24 48 23 21 47 10 37 21  3 15  1 32 40  0 43 15  5 24 43 31 39 30 29 38 30 33  8 38 38 49 26  8 47 13  8  7 35  4 24 16  2 48 21 30  7 36 27 10 32  3 39 45 22 11 46 31 36  1 27 47 30  7 27 47 45 22  2 41  8 31 43  8 26 34 46 26 21 25 17 12  1 19 37 10 49 32 45 31 41 46  2  8  5 24 18
38  6 45  0 11 42 45 13 29 12 17  2 28 47 23 14 11 42 11 10 27 45 24 28 18 12 40 33 27 18 41 24 26 39 15 23 38 10 22 48 44 35 45 14 48 10 26  3 42 15 12 17 43 11 27 40 29 22 37  1 26 36  4 46 35 34 24 14 31 35  5 47  5 15 20 33 25 45 50 47 47 47 26 10 39 26  8 25 28 42 44 38 13  4 30 44 10 44 42 23 16 16  3  2 39 39  9  8 18 41 36 16  8 38  0  7 37 17 35 35
12 43 19 26 38 25  2 17 35 23 30 33 38  0  6  2 22 45 41  7 10 13 12 44 26 42 21 28 44 38 17 14 46 24 36  5 46 45 26 10  3 26 15 36 27 47 40 43 21 31 18 40 27 12 23 34 47 27 19  6 48 21 47 20 19 49  1 42 21  8 33 17 27 13 14 45 27  3  1 47  7 28  0 45 35 29  3 19 19 50 16 28  3 41 13 33 15  8  6 50  1  7 29 14 22 32 48 16 31 39 47 25 22  9 46 23 39 14 34 44
36 10 20 39 22 11  1 43 20 17 15 47 19 46 38  6 36 24 20  6 30 38 42 28 39  1 45  6  6 23  5 50 13 20 35  6  3 11  7 18 48 47 19 14 37 26 46 20 42 10 41 18 39 37 15 42 48  5 43 37 36 41 21 13 10  5  1  1 39 38 24  4 20 10 40 40 37 47 47 36 29 11 42 37 19 29 23 26 37 30 20 19  1 16  9 42 10 23 42 47 38 11 29 19 46 20 25  9 39  4 13 39  4 37 16 42 35 12 47  0
 6 32 36 10 29 17 33  6 28 11  9 17 24 43  3 17  4  1 29 17 24 23 31 21 47 41 17 10 41 31 12 11 33 47 34 34 43 23 27 24 45 35 12  1 32 18 18 21 40 45 20  4  1  7 32 38 23 23 40 24 36 13 35 21 30 47 47 34 32 47 48 32 26 15 44  5  6 21 26 28  4 35 46 13 15 27 15  6 22 49 22 42 27 33  2 21 25 38 36 46 24 43 31 50  2 19 38  6 24 14  7 17 33 45 49 23 47 42 19 49
 7 49  8  8  7 16  3 47  3  3 21 30 32 21 10 35  2 45 12 32 19 42 11  1 20  3  9 46 42 14  2  9 41 44 10 20 38 35 16 20 23  7 18 19 22 39 35 29 18 38  4 22 48 49 17  5 16 43  2 27  2 13 26  6  6 25 33 29  1 38 36  9 40 31 28 32 37 48 39 15 23 15  1 25  1  3 45 37  6 10 31 42 21  3 45  6 12  3  4 18  5 16 48 39  9 48 11 41 35 34  5 16 13 49 15 21 27  2 50 33
 0  8 12 40 19 31 14  3 35 23 38 14 21 33 17  8 30 31 39 18  7 35 33 30 44 34 32 41 24  1 21 32  5 40 19  3 43 18 23 27 23  4 41  1 37 26 50 30 13 49 50 32 10  8 16 45 29 42  9 43 21  6 39 33 16 45  1 18 42  5  8 19 25 42 45 18 27 31  6 16 19 17 21  8 17  2  8 20 18  4 25 39 23 38 10 21 22  6 20 19 47 31 37  2 46 28 14 45  5 46  3 44 14 27 21 45 48 22 25 10
 3 35 43  1 38 20 22 33 38 47 34 48 32 46 13 22  8  7 15 33 33 47  1 11 39 16 37 44 49 11 14 43  4 12 43  7 49 24  3 17 13 27 22 25 20 48 20 35 41  5 12 26 20 31 27 22 14 33 42  7  8 36 33 28 40 13 31  5 42  8 26 42 15 46 34 21 44 14 21  7 22 11 23 42  3 13 22 12 30 47  8 28 31 45 39  8 39 49 49  4 44 31 23 41 36 32 21 16 35 15 21 39 31 49 50  2 16  7 47  1
 2 18 14 26 25 12 11 19 30 15 40 42 12 44 23 26 37 41 13  4 46 43 45 26 47 50 21 12 46 25 42 37 15 34  8 41 44 44 17 49 32 13 34 25 49 20 29 15 41 16 47 12 21 35 11 34 28 13 34 17 26  6 41 21 49 19 42 44 15  2 33  5 47 16 33  8 11 30  9 16 11 39 27 38 50 42  1 33 31 45 39  2 33 32 22 32 24 30 19 36 39 21 20  6 30 25 40 20 19 35 45  5 33  9 27 16 19 16  2  8
 5 11  7 14  7 48 20 28 42 36 21 43  2 15 38 29 45 37 36 43 28 22 11 11 47 27  3 24 42 27  6  7 21  6  5 46 43  3 14 28 10 17 19 38 36 46  1 46 27 13 37 21  2 32  2  5 38  3 14 14 48 48  4 33 23 10 28  5  6 42 41 34  1  9 27 41  8 35  6 24 32 40 23 14 37  2 29 28 40  7 25  7  1 19 28 26  6  3  3 10  0  6 30 18  9 24 17 39 39 46  5  2 30 30 43 21 38 24 24 17
