60
29 25 18 20  4 16 12 36 42 33 20 23  4  3 36  4 25 17 45 39 47 46 34 27 11 42 17 17 37 40  7 27 12 45 13 42 10 42 33 23 27 24  3 22 34 32  8 46 43 40  4 44 36 47 46 26 49 16  4  5
18 25 28 45 16 18 42 16 41 16  9 46 31 25 40  7  7 45 47 11 18 34  2  4 32 38 48 25  6  9 48 48 20 43 35 28 47  3 17 14 32  7 27 40 23  3  6 46 30  4 36 22 45 14 20 28 43 34 46 24
 6 23 49 31 13 28 16 32 14 29 42 13 46 24 44 14  8 12  8 11 22 14 39 39 11 24 44 36 30 46 11 42 42 13  4 37  3 45  9 40  2 14 47 48 23 35 47 29 30 10 34 16  6 49 32 13  2 26  5 25
47 40 19 45 48 27 29 38 41 22  3 41 32  9 30 40 48 49 41 36 36 40 16 36  6 18  3 26  2 12  3 19 13 19  0 38 45 32 29 15 26 28 14 13 34  6 35 23 25 38 29 19 25 29 11  6  3 24 14 50
27 36 12 38 43 23  6 27 33 28 28 10 34 13  4 41  7 12 36 15 18  1 33  5 14 37 29  1  4 15 23 38  9 15 10 45 39  2 23 45  4  0 42  6 50  0 21  0 34 16 43 33 45 10 45 50 36 19 48 15
37 20 29 31 45 34 26 47 50 15 17 26 49 41  1 50 22  4  0 42 15 47 28 21 42 34 29 17  8 26 18 15 48 30 44 15 18 13 27 40 46 34 16 17 31 48 38 12 22 36 17 21 35 19 21 26 42 16 37 28
 9  8 40 11 42 41 45 10 21 29 19  1  7 23 40 43 31 20 40 28 39 18  6 46 27 37 29 36 45 14 23 46  3 34 17 13  4 18 36 21 20  2  1 36 36 10 40 26 46 36  8 24 20 28  7 15 13 45 13 16
39 41 19 22 19 46  1 27 13 21  3 27 17 49 45 47 38 10  1 36  2 40 34 44 48  7 30 43  2 22 17 17 35 14 23 34 24 20 13  1 32 17 33  5 12 45 44 18  7 45  5  6 19 37 42  6 31 40 25 48
40 48 32 14 10  6 37 27  1  3 30 48 32 11  6  6 44 25 22 46 30 44 10  1 19 11  8 27 36 34  6  7 24 47  7 14 19 28 10 16 42 20 10 22 47 44 48 37 35  2  7  4 10 46  4 12 49 31 11  9
27 37 20  4 15 35 30  5  3 22 34 23 14  9 16 39 20 45 48  5 41  6  8 34 43  2 34  5 31 18 28 34 17 33  7  4 12 39 43 41  1 12 16 23 14  4 18 50  8 25 10  7 17 49 42 24 20 47  7 28
47 36 44 44 40  6  4 33  9  1 10 29  8 48 48  5 16  9 10 18  7  2 28 41  6 49 36 16 39 25 32  0 33  2 42 35 31 24 49 14  7 49 48 24 32  9 42  1 21 33 36 42 23 28 16 35 23 46  4 13
34 27 43 23 16 48 44  3 34 45 27 21 30 47 13 37 25  4 25 22  8  4 23 16 10 17 12  1  5 40 44 25  2 21 39 42 14 32 31 32  1  2 36 27  5 23 23 14 28 16 23 40 35 21 14 28 28 33  4  6
30  4 45 30 47 16 27  6 25  5 20 38 37  8  0 27 36  8 32 45 47 47  5 39 14 14 26  8 40  6 12 39 16 11 26 15  7 49 37  7 37 11 31 17 24 40 13 43 37 44 30 43 38  5 38 10 25 41 25  5
29 12 41 18  7 43 28 14 39 26 28 36 27 16 50 20 15 15 43 44  8 34 32 45 19 44 49  7  3 44 31  6 47 44 46 23 29 15 46 29 22 22 35 17  7  3  8  5 33 41  6 21 22 34  5 15  8 50 20 15
36 30 14  8 22  8 21 16  3 36 27 11 45 49 50 35 21  3 12 44 14 44 28 46 37 10 14 12 30  5  9 15 50 15 34 41  1 41 30 43 18 47  5 20 45 36 21 47  7  7 35 23 35 49  9 30 29 30 15 41
21 34  3 47 42  7 24 23 27 21 41 15  1 21 38 12  2  6 31 33 38 15 16 30 19 18 32 26 23 32 43 42  6 18  8  3 49 48 45 49 41 21  7 27 44 37 35 44 18 44 24  1  2 45 48  5 15 40 43 10
 5 24 46 37 36 11 26  7 14 39  7 25  2 41 31 14 29 41 42 28  7 48 16 16  4 13 21  5  9 23 34 26 24 28 15 33 11 22  9 43 27 14  4 46 41 49 10 38 42 28 19 49 28  9 21 43  5 29  9 49
27 27  7 42 48  9 20 27  6 36 22 18  2 10 22 44 18  5 45 32 22  8  8 49 37  9 19 33 40  5 45 28 22 45  2 21  6 37 39 26 16 42 19 45 18 27 20 46 48 17  3 24 22 42 27 37  1 43 49 22
21 42 35 17 19  4 11 49 21 31 23 25 45 15 39  4 30 32 14  5 13 23 30 42 44  3 22  1 22 15 30 43 33 28 12 15 30 28 15 25 24 38 36  5 23 43 39 27  8 29  5 49 33 26  3 47 41 45 40 45
28  7  3  1 21 46 23 24 22 39 38 37 16 31 44 37 17 12 42 35 43 31 10 18 22 41 23 25 47 31 15 28 17 15  4 21  9 45 31  1 18 32  8 15 34 16 13 22 23  2 27 29 44 45 32 46 19 39 18 19
17 43 49 30 13 27 43 22 46 35 40 13  9 31 23  5 24 44 34 24 28 15 27 39 43 31 41 33 37 10 36 25 26 41 46 13  6 46 42 43 24  4 18 29 19  7 38  3 44  5 21 39 10  7 14 19  4 38  0 27
 8 10 27 48 27 30 49 17 27 19  2 41 48 47 19 19 27 37 44 23 24 26 41 28 28 34 23  4  8 24 33 38  9 22  0 26 20  4 24 13 23 43 13 38 22 40 32 31 32 32  5 42 21 37  2 11 43  3 34 10
27 45 36 27 47 16 12  6 12  5 37 50 21 35 24  4 32 19 33 30 19  1 13 20  0 44 48 18 41 26 39  9 15  7 14  3 20 31 38 47 21 14 34 44  5 18 28 43 39 15  2 47 11 44  4 41 46 21 37  2
35 17 27 48 23 41 21 49 18 36 20  5 19 28 20 10 26  6 32 30 12 24  0 28 35 36 33 36  5 46 40 27 21 41 47  6 13 24 14  4 33 31 33 24 27 41 11 22 37 22 45  8 46 36 42 49 11 33  6  3
 6  2 15 29 10  5 19 40  9  2 20 18 29 25  4 21 26  1 42 10 46 33 11 14 16 36 30 31 10  5 19 48 31 21  8 11  4 35 32 18  3 25 41 47 25  2 23 28 25 39 29 22 43  4 11 36 45 32 48  6
40 11 32 45 12 31  4 50 44 37 15 19 20 49 40 39  4 17 45  4 40  9 20 38  9  4  9 49 31 30  2 28 15 42  4  9 45 46 48  9 23 35 34 26  9 13 38 15 11  2 38 10  6 41 45 42 21 25 36 19
 8 44 15 39 48 40 31 47 31  2 48 47  0  5 29 40  6  5 30 49 48 48 30 48 16 49 44 41  6 34 21  5 27 27 11 13 29 13 25  3 24  2 11 12 22 43  6 23 46 23 25 47 49 23 36 34 14 27 43  8
 4 13 24  2 13  3 10  5  0 49 36  7 20 42 26 10 36 13 41 10 41 14 47 45 23 27  3 42 34 38 48 46 40 37 23  9 21 41 47 10 41 19 14 12 21 23 26  6 49 44 39 33  4 29  4 29 45  4 15 16
11 35  1 49 13 10 13 22 33 27  7 14 49 22 24 40 42 23 42  6 35 33 42 22 20 39 35 18  1 10 10 48  4 12 35 18 24  9 39 28 35 47 37 36  1 35  7 29 42 31 44 43 14 29 28 35  4 23 16 15
48 39  1  1 42 40 33 48 25 32 42 44 42 41 46 42  8  3 49  2  0 28 18 48 41  6 50 46 15 12 36 14  4  3 10 43  5 25 40 27 16 18 24 38 21 45 31 30 13 44 35 40 36 34 46 33  4 24 46  3
35 21 33 22 46 49  9 39 39 46 16 26 48 37  6 35 40  2 33 47 43 21 39 49 49 21 43 24 39 23 39 19  5  6 37 29 49 45 26 22 10 40 26  7 29 49 31 23  8  7 15 21 40 22 14  2 43 45 44 19
48 24 45 31 44 22  6  9 47 32 40 11 14 38  6 12 15 12 35 24 14 45 18 35 17 12 19 33 39 24 39 45 46  9  2 39 42 41 42  8 28 34 37 25 28 37 31 37  8 44 35  0 10  8 28 38 47 47 47 46
49 23 34 12 37 16 37 29 39  7 19  5 28 14 36 18  5 10  5 49 29  1 47  4 12 30 45 49  7 23  1 31 25 39 22 25 33 33 31  9  1 43 24 15 36 33 24 27 11  6  8 18  8 28 49 26 37 38 23 36
 2  2 27  2 49 48  9 31 16 15  8 49 48 22  0 28 44  1 31 43 43 24 19 38 27 43 11 17 21 26 46 32 32 12 30 11  1 24 48 49 50 22  4 13  2 25 15 19 17  7 39 44 29 47 43 12 48  1 49 28
25 29 10 16 25 40  3 46 25 21 39 20 44 12 21 35 33 21  7 31 37 15 25 39 42  9 38 27  2 12  6 10 37 45 21 29 33 31 41 23 12 26 10  3 22 48  0 26 36 15 23  3 25 23 48 13 40 22 44 44
39  1 34 31 24 26  4 38 30 12  2 30 34  9 20 16 23 46 18 47 49 23 20  1  2 22 33 40 43 37 50  0  3  9 33 23 35 36 23 43 34 24  9 25 38  7 48 50 42 50  8 25 14 25 10 35 11 36 34 28
27  3 22  2 37 36  4  7 41  9 45 31 39 23 45 15 46 35 32 49 15 28 27 36  1 17 49 27 28 16 45 11  6 16 27  5 41 19 32 31 30 22 11 35 28 16 22 21 23  3 32 40 10 48 41 36 21 11 36 23
17 23 21 34 43  4 25 21  1 44 42 32 26  2 13 31 36 50 34 14 19 24 27  1 36  7 44 35 17 49 40 44  3 12 45 40 47  1 45  4 41 25 35 33 33 24 19 14 39 22 33 33  1 10 18 14 41 10 26 34
19 18 14 14  2 30 10 33 17 32  6 39  9 33 17 43 42  4  3 24 15 14 13 26  4 25 29 11 25 41  7 47 22 41  8 40 20 30 19 48  8 38 44 49 42 31 42 41 47 16 39 12 27 39 25 10 50 17  3  9
45 24 33 40 32 20 32  4 17 19 41 10 31 11 30 44 41 46 30  6  5 49 37  5 49 40 25 35 26 40 33 29  9  3 11 16 33 22 24 31 28 49  6 12  9 39 32 44 43 27 42 16 24 29 39 30  8 20 45 12
37 30 11 26 17  4  7 27 48 43 43 38  8 23 47 24  6 26 14 17 10 35 23 33 40 12  8 34 13 42 48 28 31 40  2 49 30 30  7 37 19 40  8 25 39  7 38 12 42 31 37 17 43 20  5 18 38  5 21  9
 1 21  6  8 19 35  9 21 21 35 13 50 12 22 43 18 27 24 40 26 21 23 45 25 26 28 33  2 47  3 20 30 17 45  5 35 44 15 47 47 27 39 35 33 18 43 28  0  6 20 38 39 15 22  0 42 21 36 14 14
16  6 10 40 27 10 17 33 15  7 17 15 13 17 31 44  8 21 41 10 37 29 28 10 39  5 43 12 32  6  1 22 41 48 44 42  5 43 16 34 13 49 10 43 27 29 33 12 35 37 36 35 35 41 18 41 34 28 44 12
43 37 30 34 23  9 11  3 31  1 11 17 11 32 43 23 25  7 10 18 46 25  5 49 30  2 40  2 43 10 30 29 15 18 41 13 39 43  5  9  5 47 35 12 42 46 25 12  6 43 46  5 46 12 21 21 45 30 24 15
41 34 33 24 22 14 41  8 38  0 18  7 35 28 17 17 34 47 49 39 21  6  9 26 38  6 36 18  0 48  0 44 21 11  5 37  7 14 17 28 47 16  7 17  8 22 20 49  9 23 12  4 49 11  5  6 36 20  3 24
 2 20 26  1 40 27 14  5  2  8  5  2  7 11 28 38 46 32  8 14 36 43 20 48 40 18 12 44 26 38 24 18  3 50 39 31 11 32 15 15 26 23  6  6 42 49 31 24 16 18 11 20 10 14 23 23 21 46 21 27
20 32 10 32  1 19 49 36 33 44 17 19 26 44  6 13 34 40 24 38 39  7 28  9  0 39 38 11 20 30 15 13  1 45  5  1 46 26 18 15 18 43 31 43 39 17 13 37  5 46 44 27 21  1  7 39  7 15 30 12
 9  1 32 46 44  0 17 19 35 41 49 37  3 18 10  4 26 13 22  3 47 24 20 18 17 48 12  4  5 46 50 20 47 33  7 32 21 13 20 37 34  9  1 43 16 31 44 42 46 47 42 36  1 15 27 23 13 14 34  4
 3  7  0  9 11 21 12 17  5 50 25 23 43  1 33 42 45 21 41 38 20 11 27 14 16  0 22  6 32 11 21 27 38 42 15  2 39 39 23  6 14 33  0 21 40  8 22 42  1 19 31 31  6 45  7 34 41 24  7 35
48  7 32  9 37 21 37  7  5 44 21 16 11 38 16 46  2 27 39 49 44 10 32 41 13 32 17 50 49 13  4 20 37 49 43 26  6 35 47 45 33 24 50 41 47 33 38 17 26 40 26 12 40  9 27 35  2 39 47  8
40  2 27 26 12 45 12 18 31 37 11 46 49 12 14 35  4  3 34 44 13 18 29 30 32 15 15 45 50  2 27 38 38  3 24 23 39  1 18 29 36 22 29 39 38  8 45 32 30 26  9  2 16  4  4 12 26  8 18  9
18 41 21 46  7  0 10 42  8 50 40 34 36  5 15  9 29 33 23 40 16  3 38 26 28 45 24 34  1 25 12 22 49  4 45 35 35 11 46 38  7 39 39 38 37 10 45  8 26 33  8 32 28  2  8 48  3 43 47 14
11 25 38 42 18 27 11 12 45 49 43 43  6 18 19  1 39 27 21 40 41 41 43 23 17 14 10  5 40 25 43 33 27  9 14 39  6 14 27 46 26 43 44 47  7  9 38 30 29 10 25 19 15 24 30  1 37 14 48  7
49 44 23 34 13 33 39  9 23  4 15  8 11  1 36 18 38 26 36 49 13 45 23  5 36 38 17 22  4 40 13 49 27  0 23 39 40 14 16 42  2  5 29  0 39 19 26  3 24 30 18 47  7 29 21  5 15 12 38 28
25 24  6 40  8 28 41 30 11 19 17 11 17  8 10 10 10  8 13 10 15 30  4 13 19 34 39 29 26  6 42 40 24 21 19 33 37  8 29 16 49 15 38 49  8 33 46 14 18 49  2 19 45 31  9  0 28 16 18 37
49  8 18  7 33 45 34 39 33 22 49  0 31  4 39  7 44 28 40 32 18 34 49  2 11  9 41  4 29  7 33 24 35 22 20 14 16  2 44 22 45 14 43 26 11 49 35 48 20 27 44 34 31 23  2  9 31 25 47 48
 5 36  7 12 40 21 46  2 36 50 23 35  1  9 28  2 38 45 13  8 49  0 14 16 15 27 45 18 49 29 24  6  1 34  9  4  2 27 39 25 36 46 35 47 23 37 15 16 40 35 12 36 36  8  9 13 19 30 29 18
48 36 44 34 43 18  9 19 28 31 22 44 48 17  6 15 38 40 21  9 12 36 42 32 27 39 22 11 21 30 44 33 14 45 45 28 49 14 20 18 41 27 44  4 30 22 33  9  1 13  9  5 31 33 36  0 21 47  3  8
 9 25 41 37 40 35 29 27 40 40 49 16 49  1 13 23 48 12 30 39 24 19 48  1 46 43 27 26  3 49  6 48 29 30 18 17 34 31 37 19 23 13 37 28 28 47  1 16  8  5 40 23 49 35  5 48 41 23 44 28
10 17  6 49 26  5 18 19 13 25 28  9 42 38 17 36 25 16 26 14 44 45  4 23 13 44 50 44 37 42 15 29 16 28 12 44 44 22  1 15 37 40  9 49 19 47 34 14 28 10 15 13 36 11 11 34 33 35 49 44
